Angular field frequency / N (m3/s)        0.5000E-12
Gas temperature (K)                        1000.    
Ionization degree                          0.000    
Electron density (1/m3)                   0.1000E+19
Wave number / N (m2)                       0.000    
Longitudinal diffusion                     0.000    
Energy sharing                             1.000    
Growth model                               1.000    
Maxwellian mean energy (eV)                0.000    
# of grid points                           100.0    
Grid type                                  3.000    
Precision                                 0.1000E-09
Convergence                               0.1000E-03
Maximum # of iterations                    100.0    
Mole fraction H                           0.5000E-01
Mole fraction H2                          0.9500    


Energy (eV) 	Electric field / N (Td)                                         
0.3845E-01	0.5000
0.3855E-01	1.005
0.3921E-01	2.520
0.4156E-01	5.044
0.4748E-01	8.579
0.5997E-01	13.12
0.8408E-01	18.68
0.1259	25.24
0.1865	32.82
0.2601	41.40
0.3415	50.99
0.4288	61.60
0.5223	73.21
0.6230	85.83
0.7338	99.47
0.8597	114.1
1.010	129.8
1.196	146.4
1.429	164.1
1.709	182.8
2.021	202.5
2.345	223.2
2.661	244.9
2.957	267.6
3.230	291.3
3.479	316.1
3.706	341.8
3.915	368.6
4.109	396.4
4.291	425.1
4.463	454.9
4.627	485.7
4.785	517.5
4.938	550.4
5.088	584.2
5.235	619.0
5.380	654.9
5.524	691.7
5.667	729.6
5.811	768.5
5.955	808.4
6.100	849.3
6.247	891.2
6.395	934.1
6.545	978.0
6.698	1023.
6.853	1069.
7.011	1116.
7.173	1164.
7.338	1213.
7.507	1263.
7.679	1314.
7.858	1366.
8.038	1419.
8.226	1473.
8.418	1528.
8.615	1584.
8.817	1641.
9.030	1699.
9.246	1758.
9.472	1818.
9.699	1879.
9.942	1941.
10.19	2005.
10.44	2069.
10.71	2134.
10.99	2200.
11.27	2267.
11.57	2335.
11.88	2404.
12.19	2475.
12.52	2546.
12.87	2618.
13.22	2691.
13.60	2765.
13.99	2841.
14.39	2917.
14.81	2994.
15.23	3072.
15.69	3152.
16.17	3232.
16.67	3313.
17.17	3396.
17.71	3479.
18.27	3563.
18.84	3649.
19.43	3735.
20.05	3822.
20.71	3911.
21.39	4000.


Energy (eV) 	Maximum energy                                                  
0.3845E-01	0.7858
0.3855E-01	0.7902
0.3921E-01	0.8175
0.4156E-01	0.8977
0.4748E-01	1.117
0.5997E-01	1.407
0.8408E-01	1.795
0.1259	2.258
0.1865	2.799
0.2601	3.431
0.3415	5.444
0.4288	6.625
0.5223	8.462
0.6230	10.66
0.7338	14.20
0.8597	17.70
1.010	20.19
1.196	22.12
1.429	23.62
1.709	24.14
2.021	29.12
2.345	29.18
2.661	33.71
2.957	28.44
3.230	31.15
3.479	33.64
3.706	36.80
3.915	40.06
4.109	43.33
4.291	46.90
4.463	50.86
4.627	55.30
4.785	60.32
4.938	66.03
5.088	72.52
5.235	75.12
5.380	82.93
5.524	91.75
5.667	95.48
5.811	106.0
5.955	110.6
6.100	115.3
6.247	128.5
6.395	133.8
6.545	149.3
6.698	155.8
6.853	162.5
7.011	181.9
7.173	190.0
7.338	198.5
7.507	207.2
7.679	232.9
7.858	243.4
8.038	254.3
8.226	265.7
8.418	277.5
8.615	312.9
8.817	327.0
9.030	341.8
9.246	357.1
9.472	373.0
9.699	389.5
9.942	440.3
10.19	460.1
10.44	480.7
10.71	502.0
10.99	524.3
11.27	547.4
11.57	571.4
11.88	596.3
12.19	622.0
12.52	647.8
12.87	733.7
13.22	763.8
13.60	794.9
13.99	827.1
14.39	860.4
14.81	894.8
15.23	930.4
15.69	967.0
16.17	1005.
16.67	1044.
17.17	1085.
17.71	1231.
18.27	1279.
18.84	1329.
19.43	1380.
20.05	1433.
20.71	1487.
21.39	1543.


Energy (eV)	Mean energy (eV)
0.3845E-01	0.3845E-01
0.3855E-01	0.3855E-01
0.3921E-01	0.3921E-01
0.4156E-01	0.4156E-01
0.4748E-01	0.4748E-01
0.5997E-01	0.5997E-01
0.8408E-01	0.8408E-01
0.1259	0.1259
0.1865	0.1865
0.2601	0.2601
0.3415	0.3415
0.4288	0.4288
0.5223	0.5223
0.6230	0.6230
0.7338	0.7338
0.8597	0.8597
1.010	1.010
1.196	1.196
1.429	1.429
1.709	1.709
2.021	2.021
2.345	2.345
2.661	2.661
2.957	2.957
3.230	3.230
3.479	3.479
3.706	3.706
3.915	3.915
4.109	4.109
4.291	4.291
4.463	4.463
4.627	4.627
4.785	4.785
4.938	4.938
5.088	5.088
5.235	5.235
5.380	5.380
5.524	5.524
5.667	5.667
5.811	5.811
5.955	5.955
6.100	6.100
6.247	6.247
6.395	6.395
6.545	6.545
6.698	6.698
6.853	6.853
7.011	7.011
7.173	7.173
7.338	7.338
7.507	7.507
7.679	7.679
7.858	7.858
8.038	8.038
8.226	8.226
8.418	8.418
8.615	8.615
8.817	8.817
9.030	9.030
9.246	9.246
9.472	9.472
9.699	9.699
9.942	9.942
10.19	10.19
10.44	10.44
10.71	10.71
10.99	10.99
11.27	11.27
11.57	11.57
11.88	11.88
12.19	12.19
12.52	12.52
12.87	12.87
13.22	13.22
13.60	13.60
13.99	13.99
14.39	14.39
14.81	14.81
15.23	15.23
15.69	15.69
16.17	16.17
16.67	16.67
17.17	17.17
17.71	17.71
18.27	18.27
18.84	18.84
19.43	19.43
20.05	20.05
20.71	20.71
21.39	21.39


Energy (eV)	Mobility x N (1/m/V/s)
0.3845E-01	0.1127E+23
0.3855E-01	0.1129E+23
0.3921E-01	0.1141E+23
0.4156E-01	0.1184E+23
0.4748E-01	0.1286E+23
0.5997E-01	0.1487E+23
0.8408E-01	0.1840E+23
0.1259	0.2389E+23
0.1865	0.3105E+23
0.2601	0.3886E+23
0.3415	0.4658E+23
0.4288	0.5390E+23
0.5223	0.6075E+23
0.6230	0.6707E+23
0.7338	0.7286E+23
0.8597	0.7810E+23
1.010	0.8275E+23
1.196	0.8673E+23
1.429	0.8988E+23
1.709	0.9209E+23
2.021	0.9334E+23
2.345	0.9381E+23
2.661	0.9370E+23
2.957	0.9322E+23
3.230	0.9255E+23
3.479	0.9177E+23
3.706	0.9096E+23
3.915	0.9016E+23
4.109	0.8938E+23
4.291	0.8865E+23
4.463	0.8794E+23
4.627	0.8727E+23
4.785	0.8662E+23
4.938	0.8600E+23
5.088	0.8543E+23
5.235	0.8490E+23
5.380	0.8435E+23
5.524	0.8386E+23
5.667	0.8339E+23
5.811	0.8291E+23
5.955	0.8248E+23
6.100	0.8209E+23
6.247	0.8167E+23
6.395	0.8130E+23
6.545	0.8092E+23
6.698	0.8060E+23
6.853	0.8024E+23
7.011	0.7995E+23
7.173	0.7966E+23
7.338	0.7939E+23
7.507	0.7913E+23
7.679	0.7885E+23
7.858	0.7867E+23
8.038	0.7842E+23
8.226	0.7826E+23
8.418	0.7809E+23
8.615	0.7791E+23
8.817	0.7772E+23
9.030	0.7767E+23
9.246	0.7753E+23
9.472	0.7756E+23
9.699	0.7737E+23
9.942	0.7742E+23
10.19	0.7743E+23
10.44	0.7738E+23
10.71	0.7740E+23
10.99	0.7745E+23
11.27	0.7743E+23
11.57	0.7753E+23
11.88	0.7766E+23
12.19	0.7773E+23
12.52	0.7777E+23
12.87	0.7799E+23
13.22	0.7812E+23
13.60	0.7832E+23
13.99	0.7853E+23
14.39	0.7879E+23
14.81	0.7901E+23
15.23	0.7916E+23
15.69	0.7948E+23
16.17	0.7983E+23
16.67	0.8019E+23
17.17	0.8048E+23
17.71	0.8086E+23
18.27	0.8123E+23
18.84	0.8156E+23
19.43	0.8194E+23
20.05	0.8232E+23
20.71	0.8279E+23
21.39	0.8327E+23


Energy (eV)	Diffusion coefficient x N (1/m/s)
0.3845E-01	0.2926E+21
0.3855E-01	0.2938E+21
0.3921E-01	0.3026E+21
0.4156E-01	0.3346E+21
0.4748E-01	0.4215E+21
0.5997E-01	0.6313E+21
0.8408E-01	0.1123E+22
0.1259	0.2188E+22
0.1865	0.4098E+22
0.2601	0.6906E+22
0.3415	0.1056E+23
0.4288	0.1504E+23
0.5223	0.2037E+23
0.6230	0.2663E+23
0.7338	0.3400E+23
0.8597	0.4280E+23
1.010	0.5360E+23
1.196	0.6712E+23
1.429	0.8382E+23
1.709	0.1033E+24
2.021	0.1245E+24
2.345	0.1457E+24
2.661	0.1659E+24
2.957	0.1842E+24
3.230	0.2006E+24
3.479	0.2152E+24
3.706	0.2281E+24
3.915	0.2398E+24
4.109	0.2503E+24
4.291	0.2600E+24
4.463	0.2690E+24
4.627	0.2774E+24
4.785	0.2852E+24
4.938	0.2928E+24
5.088	0.3000E+24
5.235	0.3071E+24
5.380	0.3139E+24
5.524	0.3207E+24
5.667	0.3273E+24
5.811	0.3339E+24
5.955	0.3405E+24
6.100	0.3472E+24
6.247	0.3537E+24
6.395	0.3604E+24
6.545	0.3671E+24
6.698	0.3740E+24
6.853	0.3808E+24
7.011	0.3881E+24
7.173	0.3954E+24
7.338	0.4029E+24
7.507	0.4105E+24
7.679	0.4182E+24
7.858	0.4266E+24
8.038	0.4347E+24
8.226	0.4436E+24
8.418	0.4526E+24
8.615	0.4618E+24
8.817	0.4711E+24
9.030	0.4817E+24
9.246	0.4920E+24
9.472	0.5044E+24
9.699	0.5142E+24
9.942	0.5277E+24
10.19	0.5406E+24
10.44	0.5533E+24
10.71	0.5671E+24
10.99	0.5817E+24
11.27	0.5960E+24
11.57	0.6123E+24
11.88	0.6293E+24
12.19	0.6464E+24
12.52	0.6636E+24
12.87	0.6841E+24
13.22	0.7038E+24
13.60	0.7253E+24
13.99	0.7479E+24
14.39	0.7718E+24
14.81	0.7962E+24
15.23	0.8208E+24
15.69	0.8488E+24
16.17	0.8782E+24
16.67	0.9092E+24
17.17	0.9403E+24
17.71	0.9751E+24
18.27	0.1010E+25
18.84	0.1046E+25
19.43	0.1084E+25
20.05	0.1125E+25
20.71	0.1168E+25
21.39	0.1213E+25


Energy (eV)	Longitudinal dif. coef. x N (1/m/s)
0.3845E-01	0.000
0.3855E-01	0.000
0.3921E-01	0.000
0.4156E-01	0.000
0.4748E-01	0.000
0.5997E-01	0.000
0.8408E-01	0.000
0.1259	0.000
0.1865	0.000
0.2601	0.000
0.3415	0.000
0.4288	0.000
0.5223	0.000
0.6230	0.000
0.7338	0.000
0.8597	0.000
1.010	0.000
1.196	0.000
1.429	0.000
1.709	0.000
2.021	0.000
2.345	0.000
2.661	0.000
2.957	0.000
3.230	0.000
3.479	0.000
3.706	0.000
3.915	0.000
4.109	0.000
4.291	0.000
4.463	0.000
4.627	0.000
4.785	0.000
4.938	0.000
5.088	0.000
5.235	0.000
5.380	0.000
5.524	0.000
5.667	0.000
5.811	0.000
5.955	0.000
6.100	0.000
6.247	0.000
6.395	0.000
6.545	0.000
6.698	0.000
6.853	0.000
7.011	0.000
7.173	0.000
7.338	0.000
7.507	0.000
7.679	0.000
7.858	0.000
8.038	0.000
8.226	0.000
8.418	0.000
8.615	0.000
8.817	0.000
9.030	0.000
9.246	0.000
9.472	0.000
9.699	0.000
9.942	0.000
10.19	0.000
10.44	0.000
10.71	0.000
10.99	0.000
11.27	0.000
11.57	0.000
11.88	0.000
12.19	0.000
12.52	0.000
12.87	0.000
13.22	0.000
13.60	0.000
13.99	0.000
14.39	0.000
14.81	0.000
15.23	0.000
15.69	0.000
16.17	0.000
16.67	0.000
17.17	0.000
17.71	0.000
18.27	0.000
18.84	0.000
19.43	0.000
20.05	0.000
20.71	0.000
21.39	0.000


Energy (eV)	Energy mobility x N (1/m/V/s)
0.3845E-01	0.2386E+23
0.3855E-01	0.2391E+23
0.3921E-01	0.2420E+23
0.4156E-01	0.2526E+23
0.4748E-01	0.2785E+23
0.5997E-01	0.3306E+23
0.8408E-01	0.4202E+23
0.1259	0.5480E+23
0.1865	0.6936E+23
0.2601	0.8361E+23
0.3415	0.9682E+23
0.4288	0.1089E+24
0.5223	0.1198E+24
0.6230	0.1297E+24
0.7338	0.1384E+24
0.8597	0.1461E+24
1.010	0.1525E+24
1.196	0.1570E+24
1.429	0.1593E+24
1.709	0.1594E+24
2.021	0.1579E+24
2.345	0.1556E+24
2.661	0.1531E+24
2.957	0.1506E+24
3.230	0.1482E+24
3.479	0.1461E+24
3.706	0.1442E+24
3.915	0.1425E+24
4.109	0.1410E+24
4.291	0.1396E+24
4.463	0.1383E+24
4.627	0.1371E+24
4.785	0.1360E+24
4.938	0.1350E+24
5.088	0.1340E+24
5.235	0.1332E+24
5.380	0.1323E+24
5.524	0.1315E+24
5.667	0.1308E+24
5.811	0.1301E+24
5.955	0.1295E+24
6.100	0.1289E+24
6.247	0.1284E+24
6.395	0.1279E+24
6.545	0.1274E+24
6.698	0.1270E+24
6.853	0.1265E+24
7.011	0.1262E+24
7.173	0.1259E+24
7.338	0.1256E+24
7.507	0.1254E+24
7.679	0.1251E+24
7.858	0.1250E+24
8.038	0.1248E+24
8.226	0.1248E+24
8.418	0.1247E+24
8.615	0.1247E+24
8.817	0.1246E+24
9.030	0.1248E+24
9.246	0.1248E+24
9.472	0.1253E+24
9.699	0.1251E+24
9.942	0.1257E+24
10.19	0.1260E+24
10.44	0.1262E+24
10.71	0.1265E+24
10.99	0.1269E+24
11.27	0.1273E+24
11.57	0.1277E+24
11.88	0.1282E+24
12.19	0.1287E+24
12.52	0.1292E+24
12.87	0.1299E+24
13.22	0.1305E+24
13.60	0.1312E+24
13.99	0.1318E+24
14.39	0.1326E+24
14.81	0.1333E+24
15.23	0.1340E+24
15.69	0.1348E+24
16.17	0.1357E+24
16.67	0.1366E+24
17.17	0.1374E+24
17.71	0.1384E+24
18.27	0.1393E+24
18.84	0.1402E+24
19.43	0.1411E+24
20.05	0.1421E+24
20.71	0.1430E+24
21.39	0.1441E+24


Energy (eV)	Energy diffusion coef. x N (1/m/s)
0.3845E-01	0.6343E+21
0.3855E-01	0.6374E+21
0.3921E-01	0.6593E+21
0.4156E-01	0.7405E+21
0.4748E-01	0.9666E+21
0.5997E-01	0.1527E+22
0.8408E-01	0.2825E+22
0.1259	0.5383E+22
0.1865	0.9386E+22
0.2601	0.1467E+23
0.3415	0.2111E+23
0.4288	0.2870E+23
0.5223	0.3754E+23
0.6230	0.4789E+23
0.7338	0.6029E+23
0.8597	0.7583E+23
1.010	0.9619E+23
1.196	0.1229E+24
1.429	0.1553E+24
1.709	0.1903E+24
2.021	0.2239E+24
2.345	0.2535E+24
2.661	0.2786E+24
2.957	0.2995E+24
3.230	0.3170E+24
3.479	0.3319E+24
3.706	0.3448E+24
3.915	0.3564E+24
4.109	0.3668E+24
4.291	0.3765E+24
4.463	0.3856E+24
4.627	0.3943E+24
4.785	0.4026E+24
4.938	0.4108E+24
5.088	0.4189E+24
5.235	0.4271E+24
5.380	0.4351E+24
5.524	0.4433E+24
5.667	0.4517E+24
5.811	0.4600E+24
5.955	0.4687E+24
6.100	0.4778E+24
6.247	0.4868E+24
6.395	0.4964E+24
6.545	0.5061E+24
6.698	0.5164E+24
6.853	0.5268E+24
7.011	0.5380E+24
7.173	0.5497E+24
7.338	0.5617E+24
7.507	0.5744E+24
7.679	0.5874E+24
7.858	0.6017E+24
8.038	0.6161E+24
8.226	0.6318E+24
8.418	0.6480E+24
8.615	0.6651E+24
8.817	0.6827E+24
9.030	0.7024E+24
9.246	0.7223E+24
9.472	0.7473E+24
9.699	0.7662E+24
9.942	0.7943E+24
10.19	0.8204E+24
10.44	0.8470E+24
10.71	0.8758E+24
10.99	0.9067E+24
11.27	0.9381E+24
11.57	0.9729E+24
11.88	0.1010E+25
12.19	0.1048E+25
12.52	0.1088E+25
12.87	0.1133E+25
13.22	0.1178E+25
13.60	0.1227E+25
13.99	0.1279E+25
14.39	0.1334E+25
14.81	0.1392E+25
15.23	0.1452E+25
15.69	0.1517E+25
16.17	0.1586E+25
16.67	0.1659E+25
17.17	0.1734E+25
17.71	0.1816E+25
18.27	0.1901E+25
18.84	0.1989E+25
19.43	0.2083E+25
20.05	0.2180E+25
20.71	0.2284E+25
21.39	0.2392E+25


Energy (eV)	Imaginary mobility x N (1/m/V/s)
0.3845E-01	-0.3514E+24
0.3855E-01	-0.3514E+24
0.3921E-01	-0.3514E+24
0.4156E-01	-0.3513E+24
0.4748E-01	-0.3513E+24
0.5997E-01	-0.3510E+24
0.8408E-01	-0.3506E+24
0.1259	-0.3497E+24
0.1865	-0.3483E+24
0.2601	-0.3465E+24
0.3415	-0.3443E+24
0.4288	-0.3419E+24
0.5223	-0.3394E+24
0.6230	-0.3368E+24
0.7338	-0.3343E+24
0.8597	-0.3318E+24
1.010	-0.3295E+24
1.196	-0.3275E+24
1.429	-0.3258E+24
1.709	-0.3247E+24
2.021	-0.3240E+24
2.345	-0.3238E+24
2.661	-0.3240E+24
2.957	-0.3243E+24
3.230	-0.3247E+24
3.479	-0.3252E+24
3.706	-0.3257E+24
3.915	-0.3261E+24
4.109	-0.3266E+24
4.291	-0.3270E+24
4.463	-0.3274E+24
4.627	-0.3278E+24
4.785	-0.3282E+24
4.938	-0.3285E+24
5.088	-0.3288E+24
5.235	-0.3291E+24
5.380	-0.3294E+24
5.524	-0.3297E+24
5.667	-0.3300E+24
5.811	-0.3302E+24
5.955	-0.3304E+24
6.100	-0.3307E+24
6.247	-0.3309E+24
6.395	-0.3311E+24
6.545	-0.3313E+24
6.698	-0.3315E+24
6.853	-0.3317E+24
7.011	-0.3318E+24
7.173	-0.3320E+24
7.338	-0.3321E+24
7.507	-0.3322E+24
7.679	-0.3324E+24
7.858	-0.3325E+24
8.038	-0.3326E+24
8.226	-0.3327E+24
8.418	-0.3328E+24
8.615	-0.3329E+24
8.817	-0.3330E+24
9.030	-0.3330E+24
9.246	-0.3331E+24
9.472	-0.3337E+24
9.699	-0.3332E+24
9.942	-0.3338E+24
10.19	-0.3338E+24
10.44	-0.3339E+24
10.71	-0.3339E+24
10.99	-0.3339E+24
11.27	-0.3339E+24
11.57	-0.3339E+24
11.88	-0.3338E+24
12.19	-0.3338E+24
12.52	-0.3338E+24
12.87	-0.3337E+24
13.22	-0.3337E+24
13.60	-0.3336E+24
13.99	-0.3335E+24
14.39	-0.3334E+24
14.81	-0.3333E+24
15.23	-0.3332E+24
15.69	-0.3331E+24
16.17	-0.3329E+24
16.67	-0.3328E+24
17.17	-0.3326E+24
17.71	-0.3325E+24
18.27	-0.3323E+24
18.84	-0.3321E+24
19.43	-0.3320E+24
20.05	-0.3318E+24
20.71	-0.3315E+24
21.39	-0.3313E+24


Energy (eV)	Total collision freq. / N (m3/s)
0.3845E-01	0.1130E-13
0.3855E-01	0.1132E-13
0.3921E-01	0.1144E-13
0.4156E-01	0.1186E-13
0.4748E-01	0.1288E-13
0.5997E-01	0.1489E-13
0.8408E-01	0.1843E-13
0.1259	0.2396E-13
0.1865	0.3122E-13
0.2601	0.3931E-13
0.3415	0.4759E-13
0.4288	0.5585E-13
0.5223	0.6406E-13
0.6230	0.7223E-13
0.7338	0.8040E-13
0.8597	0.8864E-13
1.010	0.9700E-13
1.196	0.1055E-12
1.429	0.1138E-12
1.709	0.1217E-12
2.021	0.1287E-12
2.345	0.1345E-12
2.661	0.1391E-12
2.957	0.1426E-12
3.230	0.1453E-12
3.479	0.1474E-12
3.706	0.1489E-12
3.915	0.1501E-12
4.109	0.1510E-12
4.291	0.1516E-12
4.463	0.1521E-12
4.627	0.1525E-12
4.785	0.1528E-12
4.938	0.1531E-12
5.088	0.1532E-12
5.235	0.1533E-12
5.380	0.1534E-12
5.524	0.1534E-12
5.667	0.1534E-12
5.811	0.1534E-12
5.955	0.1534E-12
6.100	0.1534E-12
6.247	0.1533E-12
6.395	0.1533E-12
6.545	0.1532E-12
6.698	0.1532E-12
6.853	0.1531E-12
7.011	0.1530E-12
7.173	0.1530E-12
7.338	0.1529E-12
7.507	0.1529E-12
7.679	0.1529E-12
7.858	0.1528E-12
8.038	0.1528E-12
8.226	0.1528E-12
8.418	0.1528E-12
8.615	0.1528E-12
8.817	0.1529E-12
9.030	0.1529E-12
9.246	0.1530E-12
9.472	0.1531E-12
9.699	0.1531E-12
9.942	0.1533E-12
10.19	0.1534E-12
10.44	0.1536E-12
10.71	0.1538E-12
10.99	0.1540E-12
11.27	0.1542E-12
11.57	0.1544E-12
11.88	0.1547E-12
12.19	0.1550E-12
12.52	0.1554E-12
12.87	0.1557E-12
13.22	0.1561E-12
13.60	0.1565E-12
13.99	0.1570E-12
14.39	0.1575E-12
14.81	0.1580E-12
15.23	0.1585E-12
15.69	0.1591E-12
16.17	0.1597E-12
16.67	0.1603E-12
17.17	0.1610E-12
17.71	0.1617E-12
18.27	0.1624E-12
18.84	0.1632E-12
19.43	0.1640E-12
20.05	0.1648E-12
20.71	0.1656E-12
21.39	0.1665E-12


Energy (eV)	Effect. momentum freq. / N (m3/s)
0.3845E-01	0.1604E-13
0.3855E-01	0.1607E-13
0.3921E-01	0.1624E-13
0.4156E-01	0.1684E-13
0.4748E-01	0.1830E-13
0.5997E-01	0.2119E-13
0.8408E-01	0.2624E-13
0.1259	0.3416E-13
0.1865	0.4456E-13
0.2601	0.5608E-13
0.3415	0.6765E-13
0.4288	0.7883E-13
0.5223	0.8950E-13
0.6230	0.9956E-13
0.7338	0.1090E-12
0.8597	0.1177E-12
1.010	0.1256E-12
1.196	0.1324E-12
1.429	0.1379E-12
1.709	0.1418E-12
2.021	0.1440E-12
2.345	0.1448E-12
2.661	0.1446E-12
2.957	0.1437E-12
3.230	0.1425E-12
3.479	0.1411E-12
3.706	0.1397E-12
3.915	0.1382E-12
4.109	0.1368E-12
4.291	0.1355E-12
4.463	0.1343E-12
4.627	0.1331E-12
4.785	0.1320E-12
4.938	0.1309E-12
5.088	0.1299E-12
5.235	0.1290E-12
5.380	0.1280E-12
5.524	0.1272E-12
5.667	0.1264E-12
5.811	0.1255E-12
5.955	0.1248E-12
6.100	0.1241E-12
6.247	0.1234E-12
6.395	0.1228E-12
6.545	0.1221E-12
6.698	0.1216E-12
6.853	0.1210E-12
7.011	0.1205E-12
7.173	0.1200E-12
7.338	0.1195E-12
7.507	0.1191E-12
7.679	0.1186E-12
7.858	0.1183E-12
8.038	0.1179E-12
8.226	0.1176E-12
8.418	0.1173E-12
8.615	0.1170E-12
8.817	0.1167E-12
9.030	0.1166E-12
9.246	0.1164E-12
9.472	0.1162E-12
9.699	0.1161E-12
9.942	0.1160E-12
10.19	0.1160E-12
10.44	0.1159E-12
10.71	0.1159E-12
10.99	0.1160E-12
11.27	0.1159E-12
11.57	0.1161E-12
11.88	0.1163E-12
12.19	0.1164E-12
12.52	0.1165E-12
12.87	0.1168E-12
13.22	0.1170E-12
13.60	0.1174E-12
13.99	0.1177E-12
14.39	0.1181E-12
14.81	0.1185E-12
15.23	0.1188E-12
15.69	0.1193E-12
16.17	0.1199E-12
16.67	0.1205E-12
17.17	0.1210E-12
17.71	0.1216E-12
18.27	0.1222E-12
18.84	0.1228E-12
19.43	0.1234E-12
20.05	0.1241E-12
20.71	0.1249E-12
21.39	0.1257E-12


Energy (eV)	Effect. mom. transfer fraction
0.3845E-01	0.9999
0.3855E-01	0.9999
0.3921E-01	0.9999
0.4156E-01	0.9999
0.4748E-01	0.9999
0.5997E-01	0.9997
0.8408E-01	0.9994
0.1259	0.9989
0.1865	0.9981
0.2601	0.9973
0.3415	0.9966
0.4288	0.9961
0.5223	0.9957
0.6230	0.9955
0.7338	0.9954
0.8597	0.9955
1.010	0.9958
1.196	0.9962
1.429	0.9968
1.709	0.9973
2.021	0.9976
2.345	0.9979
2.661	0.9980
2.957	0.9981
3.230	0.9980
3.479	0.9980
3.706	0.9980
3.915	0.9980
4.109	0.9979
4.291	0.9979
4.463	0.9979
4.627	0.9979
4.785	0.9979
4.938	0.9979
5.088	0.9979
5.235	0.9979
5.380	0.9979
5.524	0.9979
5.667	0.9979
5.811	0.9979
5.955	0.9979
6.100	0.9979
6.247	0.9979
6.395	0.9980
6.545	0.9979
6.698	0.9980
6.853	0.9980
7.011	0.9980
7.173	0.9980
7.338	0.9981
7.507	0.9981
7.679	0.9981
7.858	0.9981
8.038	0.9981
8.226	0.9982
8.418	0.9982
8.615	0.9982
8.817	0.9982
9.030	0.9982
9.246	0.9983
9.472	0.9998
9.699	0.9983
9.942	1.000
10.19	1.000
10.44	1.000
10.71	1.000
10.99	1.000
11.27	1.000
11.57	1.000
11.88	1.000
12.19	1.000
12.52	1.000
12.87	1.001
13.22	1.001
13.60	1.001
13.99	1.001
14.39	1.001
14.81	1.001
15.23	1.001
15.69	1.001
16.17	1.001
16.67	1.001
17.17	1.001
17.71	1.001
18.27	1.001
18.84	1.001
19.43	1.001
20.05	1.001
20.71	1.001
21.39	1.001


Energy (eV)	Temporal growth coef. (m3/s)
0.3845E-01	0.000
0.3855E-01	0.000
0.3921E-01	0.000
0.4156E-01	0.000
0.4748E-01	0.000
0.5997E-01	0.000
0.8408E-01	0.000
0.1259	0.000
0.1865	0.000
0.2601	0.000
0.3415	0.000
0.4288	0.000
0.5223	0.000
0.6230	0.000
0.7338	0.2803E-27
0.8597	0.4393E-25
1.010	0.1535E-23
1.196	0.2604E-22
1.429	0.2548E-21
1.709	0.1616E-20
2.021	0.7027E-20
2.345	0.2553E-19
2.661	0.7241E-19
2.957	0.1748E-18
3.230	0.3737E-18
3.479	0.7247E-18
3.706	0.1300E-17
3.915	0.2189E-17
4.109	0.3497E-17
4.291	0.5349E-17
4.463	0.7883E-17
4.627	0.1125E-16
4.785	0.1562E-16
4.938	0.2119E-16
5.088	0.2815E-16
5.235	0.3669E-16
5.380	0.4704E-16
5.524	0.5946E-16
5.667	0.7416E-16
5.811	0.9136E-16
5.955	0.1114E-15
6.100	0.1345E-15
6.247	0.1608E-15
6.395	0.1908E-15
6.545	0.2247E-15
6.698	0.2628E-15
6.853	0.3053E-15
7.011	0.3525E-15
7.173	0.4050E-15
7.338	0.4627E-15
7.507	0.5261E-15
7.679	0.5952E-15
7.858	0.6713E-15
8.038	0.7532E-15
8.226	0.8428E-15
8.418	0.9393E-15
8.615	0.1043E-14
8.817	0.1155E-14
9.030	0.1276E-14
9.246	0.1404E-14
9.472	0.1547E-14
9.699	0.1689E-14
9.942	0.1850E-14
10.19	0.2019E-14
10.44	0.2194E-14
10.71	0.2382E-14
10.99	0.2582E-14
11.27	0.2788E-14
11.57	0.3011E-14
11.88	0.3245E-14
12.19	0.3489E-14
12.52	0.3742E-14
12.87	0.4015E-14
13.22	0.4296E-14
13.60	0.4592E-14
13.99	0.4900E-14
14.39	0.5223E-14
14.81	0.5557E-14
15.23	0.5897E-14
15.69	0.6261E-14
16.17	0.6639E-14
16.67	0.7031E-14
17.17	0.7428E-14
17.71	0.7847E-14
18.27	0.8274E-14
18.84	0.8709E-14
19.43	0.9160E-14
20.05	0.9623E-14
20.71	0.1010E-13
21.39	0.1060E-13


Energy (eV)	Spatial growth coef. (m2)
0.3845E-01	0.000
0.3855E-01	0.000
0.3921E-01	0.000
0.4156E-01	0.000
0.4748E-01	0.000
0.5997E-01	0.000
0.8408E-01	0.000
0.1259	0.000
0.1865	0.000
0.2601	0.000
0.3415	0.000
0.4288	0.000
0.5223	0.000
0.6230	0.000
0.7338	0.3868E-31
0.8597	0.4930E-29
1.010	0.1430E-27
1.196	0.2051E-26
1.429	0.1728E-25
1.709	0.9600E-25
2.021	0.3718E-24
2.345	0.1220E-23
2.661	0.3156E-23
2.957	0.7006E-23
3.230	0.1386E-22
3.479	0.2498E-22
3.706	0.4181E-22
3.915	0.6587E-22
4.109	0.9870E-22
4.291	0.1419E-21
4.463	0.1970E-21
4.627	0.2655E-21
4.785	0.3485E-21
4.938	0.4476E-21
5.088	0.5640E-21
5.235	0.6982E-21
5.380	0.8517E-21
5.524	0.1025E-20
5.667	0.1219E-20
5.811	0.1434E-20
5.955	0.1670E-20
6.100	0.1929E-20
6.247	0.2210E-20
6.395	0.2513E-20
6.545	0.2839E-20
6.698	0.3188E-20
6.853	0.3559E-20
7.011	0.3951E-20
7.173	0.4368E-20
7.338	0.4805E-20
7.507	0.5265E-20
7.679	0.5745E-20
7.858	0.6247E-20
8.038	0.6769E-20
8.226	0.7312E-20
8.418	0.7873E-20
8.615	0.8454E-20
8.817	0.9052E-20
9.030	0.9668E-20
9.246	0.1030E-19
9.472	0.1097E-19
9.699	0.1161E-19
9.942	0.1231E-19
10.19	0.1300E-19
10.44	0.1371E-19
10.71	0.1442E-19
10.99	0.1515E-19
11.27	0.1589E-19
11.57	0.1663E-19
11.88	0.1738E-19
12.19	0.1814E-19
12.52	0.1890E-19
12.87	0.1966E-19
13.22	0.2043E-19
13.60	0.2120E-19
13.99	0.2196E-19
14.39	0.2273E-19
14.81	0.2349E-19
15.23	0.2425E-19
15.69	0.2499E-19
16.17	0.2573E-19
16.67	0.2646E-19
17.17	0.2718E-19
17.71	0.2789E-19
18.27	0.2859E-19
18.84	0.2926E-19
19.43	0.2993E-19
20.05	0.3058E-19
20.71	0.3121E-19
21.39	0.3182E-19


Energy (eV)	Power / N (eV m3/s)
0.3845E-01	0.9348E-18
0.3855E-01	0.9407E-18
0.3921E-01	0.9818E-18
0.4156E-01	0.1133E-17
0.4748E-01	0.1547E-17
0.5997E-01	0.2536E-17
0.8408E-01	0.4788E-17
0.1259	0.9708E-17
0.1865	0.1951E-16
0.2601	0.3687E-16
0.3415	0.6493E-16
0.4288	0.1074E-15
0.5223	0.1687E-15
0.6230	0.2536E-15
0.7338	0.3677E-15
0.8597	0.5163E-15
1.010	0.7051E-15
1.196	0.9386E-15
1.429	0.1219E-14
1.709	0.1548E-14
2.021	0.1923E-14
2.345	0.2346E-14
2.661	0.2819E-14
2.957	0.3348E-14
3.230	0.3937E-14
3.479	0.4594E-14
3.706	0.5324E-14
3.915	0.6134E-14
4.109	0.7030E-14
4.291	0.8020E-14
4.463	0.9109E-14
4.627	0.1030E-13
4.785	0.1161E-13
4.938	0.1303E-13
5.088	0.1459E-13
5.235	0.1628E-13
5.380	0.1810E-13
5.524	0.2007E-13
5.667	0.2220E-13
5.811	0.2449E-13
5.955	0.2696E-13
6.100	0.2961E-13
6.247	0.3244E-13
6.395	0.3548E-13
6.545	0.3871E-13
6.698	0.4218E-13
6.853	0.4585E-13
7.011	0.4978E-13
7.173	0.5396E-13
7.338	0.5840E-13
7.507	0.6310E-13
7.679	0.6806E-13
7.858	0.7339E-13
8.038	0.7895E-13
8.226	0.8490E-13
8.418	0.9115E-13
8.615	0.9774E-13
8.817	0.1047E-12
9.030	0.1121E-12
9.246	0.1198E-12
9.472	0.1282E-12
9.699	0.1366E-12
9.942	0.1459E-12
10.19	0.1556E-12
10.44	0.1656E-12
10.71	0.1762E-12
10.99	0.1874E-12
11.27	0.1990E-12
11.57	0.2114E-12
11.88	0.2245E-12
12.19	0.2380E-12
12.52	0.2520E-12
12.87	0.2673E-12
13.22	0.2829E-12
13.60	0.2995E-12
13.99	0.3169E-12
14.39	0.3352E-12
14.81	0.3542E-12
15.23	0.3737E-12
15.69	0.3948E-12
16.17	0.4170E-12
16.67	0.4401E-12
17.17	0.4640E-12
17.71	0.4894E-12
18.27	0.5157E-12
18.84	0.5429E-12
19.43	0.5715E-12
20.05	0.6014E-12
20.71	0.6331E-12
21.39	0.6662E-12


Energy (eV)	Elastic power loss / N (eV m3/s)
0.3845E-01	0.2808E-18
0.3855E-01	0.2821E-18
0.3921E-01	0.2907E-18
0.4156E-01	0.3223E-18
0.4748E-01	0.4086E-18
0.5997E-01	0.6194E-18
0.8408E-01	0.1123E-17
0.1259	0.2238E-17
0.1865	0.4285E-17
0.2601	0.7365E-17
0.3415	0.1146E-16
0.4288	0.1657E-16
0.5223	0.2275E-16
0.6230	0.3013E-16
0.7338	0.3894E-16
0.8597	0.4958E-16
1.010	0.6276E-16
1.196	0.7932E-16
1.429	0.9978E-16
1.709	0.1236E-15
2.021	0.1494E-15
2.345	0.1751E-15
2.661	0.1994E-15
2.957	0.2214E-15
3.230	0.2410E-15
3.479	0.2583E-15
3.706	0.2736E-15
3.915	0.2873E-15
4.109	0.2997E-15
4.291	0.3110E-15
4.463	0.3214E-15
4.627	0.3311E-15
4.785	0.3402E-15
4.938	0.3489E-15
5.088	0.3572E-15
5.235	0.3652E-15
5.380	0.3730E-15
5.524	0.3807E-15
5.667	0.3882E-15
5.811	0.3957E-15
5.955	0.4031E-15
6.100	0.4105E-15
6.247	0.4179E-15
6.395	0.4254E-15
6.545	0.4330E-15
6.698	0.4406E-15
6.853	0.4483E-15
7.011	0.4562E-15
7.173	0.4643E-15
7.338	0.4725E-15
7.507	0.4810E-15
7.679	0.4896E-15
7.858	0.4986E-15
8.038	0.5077E-15
8.226	0.5172E-15
8.418	0.5270E-15
8.615	0.5372E-15
8.817	0.5475E-15
9.030	0.5586E-15
9.246	0.5698E-15
9.472	0.5818E-15
9.699	0.5937E-15
9.942	0.6068E-15
10.19	0.6203E-15
10.44	0.6341E-15
10.71	0.6486E-15
10.99	0.6639E-15
11.27	0.6795E-15
11.57	0.6963E-15
11.88	0.7139E-15
12.19	0.7320E-15
12.52	0.7508E-15
12.87	0.7714E-15
13.22	0.7922E-15
13.60	0.8145E-15
13.99	0.8377E-15
14.39	0.8622E-15
14.81	0.8876E-15
15.23	0.9139E-15
15.69	0.9424E-15
16.17	0.9721E-15
16.67	0.1003E-14
17.17	0.1036E-14
17.71	0.1070E-14
18.27	0.1106E-14
18.84	0.1143E-14
19.43	0.1182E-14
20.05	0.1223E-14
20.71	0.1266E-14
21.39	0.1312E-14


Energy (eV)	Inelastic power loss / N (eV m3/s)
0.3845E-01	0.6535E-18
0.3855E-01	0.6581E-18
0.3921E-01	0.6905E-18
0.4156E-01	0.8104E-18
0.4748E-01	0.1137E-17
0.5997E-01	0.1915E-17
0.8408E-01	0.3663E-17
0.1259	0.7467E-17
0.1865	0.1522E-16
0.2601	0.2950E-16
0.3415	0.5345E-16
0.4288	0.9081E-16
0.5223	0.1459E-15
0.6230	0.2235E-15
0.7338	0.3286E-15
0.8597	0.4666E-15
1.010	0.6422E-15
1.196	0.8591E-15
1.429	0.1119E-14
1.709	0.1424E-14
2.021	0.1773E-14
2.345	0.2170E-14
2.661	0.2619E-14
2.957	0.3126E-14
3.230	0.3695E-14
3.479	0.4333E-14
3.706	0.5045E-14
3.915	0.5838E-14
4.109	0.6716E-14
4.291	0.7686E-14
4.463	0.8752E-14
4.627	0.9921E-14
4.785	0.1119E-13
4.938	0.1258E-13
5.088	0.1409E-13
5.235	0.1572E-13
5.380	0.1747E-13
5.524	0.1936E-13
5.667	0.2140E-13
5.811	0.2356E-13
5.955	0.2589E-13
6.100	0.2838E-13
6.247	0.3102E-13
6.395	0.3383E-13
6.545	0.3681E-13
6.698	0.3998E-13
6.853	0.4331E-13
7.011	0.4685E-13
7.173	0.5059E-13
7.338	0.5453E-13
7.507	0.5867E-13
7.679	0.6299E-13
7.858	0.6762E-13
8.038	0.7238E-13
8.226	0.7745E-13
8.418	0.8271E-13
8.615	0.8822E-13
8.817	0.9393E-13
9.030	0.1000E-12
9.246	0.1063E-12
9.472	0.1130E-12
9.699	0.1197E-12
9.942	0.1269E-12
10.19	0.1344E-12
10.44	0.1420E-12
10.71	0.1500E-12
10.99	0.1584E-12
11.27	0.1669E-12
11.57	0.1759E-12
11.88	0.1853E-12
12.19	0.1948E-12
12.52	0.2044E-12
12.87	0.2149E-12
13.22	0.2253E-12
13.60	0.2363E-12
13.99	0.2475E-12
14.39	0.2592E-12
14.81	0.2710E-12
15.23	0.2829E-12
15.69	0.2956E-12
16.17	0.3087E-12
16.67	0.3220E-12
17.17	0.3353E-12
17.71	0.3493E-12
18.27	0.3635E-12
18.84	0.3777E-12
19.43	0.3923E-12
20.05	0.4072E-12
20.71	0.4226E-12
21.39	0.4383E-12


Energy (eV)	# of iterations
0.3845E-01	4.000
0.3855E-01	4.000
0.3921E-01	4.000
0.4156E-01	4.000
0.4748E-01	4.000
0.5997E-01	4.000
0.8408E-01	4.000
0.1259	5.000
0.1865	5.000
0.2601	5.000
0.3415	5.000
0.4288	5.000
0.5223	5.000
0.6230	5.000
0.7338	5.000
0.8597	5.000
1.010	5.000
1.196	5.000
1.429	5.000
1.709	12.00
2.021	6.000
2.345	5.000
2.661	5.000
2.957	5.000
3.230	5.000
3.479	5.000
3.706	5.000
3.915	5.000
4.109	5.000
4.291	5.000
4.463	5.000
4.627	5.000
4.785	5.000
4.938	5.000
5.088	5.000
5.235	5.000
5.380	5.000
5.524	5.000
5.667	5.000
5.811	5.000
5.955	5.000
6.100	6.000
6.247	7.000
6.395	7.000
6.545	7.000
6.698	7.000
6.853	7.000
7.011	7.000
7.173	7.000
7.338	7.000
7.507	7.000
7.679	7.000
7.858	7.000
8.038	7.000
8.226	7.000
8.418	7.000
8.615	8.000
8.817	8.000
9.030	8.000
9.246	8.000
9.472	9.000
9.699	9.000
9.942	9.000
10.19	9.000
10.44	9.000
10.71	9.000
10.99	9.000
11.27	9.000
11.57	9.000
11.88	9.000
12.19	9.000
12.52	10.00
12.87	10.00
13.22	10.00
13.60	10.00
13.99	10.00
14.39	10.00
14.81	10.00
15.23	11.00
15.69	11.00
16.17	11.00
16.67	11.00
17.17	11.00
17.71	11.00
18.27	11.00
18.84	11.00
19.43	11.00
20.05	11.00
20.71	11.00
21.39	11.00


Energy (eV)	# of grid trials
0.3845E-01	1.000
0.3855E-01	1.000
0.3921E-01	1.000
0.4156E-01	1.000
0.4748E-01	1.000
0.5997E-01	1.000
0.8408E-01	1.000
0.1259	1.000
0.1865	1.000
0.2601	1.000
0.3415	2.000
0.4288	2.000
0.5223	2.000
0.6230	2.000
0.7338	2.000
0.8597	2.000
1.010	2.000
1.196	2.000
1.429	2.000
1.709	2.000
2.021	3.000
2.345	2.000
2.661	2.000
2.957	1.000
3.230	1.000
3.479	1.000
3.706	1.000
3.915	1.000
4.109	1.000
4.291	1.000
4.463	1.000
4.627	1.000
4.785	1.000
4.938	1.000
5.088	1.000
5.235	1.000
5.380	1.000
5.524	1.000
5.667	1.000
5.811	1.000
5.955	1.000
6.100	1.000
6.247	1.000
6.395	1.000
6.545	1.000
6.698	1.000
6.853	1.000
7.011	1.000
7.173	1.000
7.338	1.000
7.507	1.000
7.679	1.000
7.858	1.000
8.038	1.000
8.226	1.000
8.418	1.000
8.615	1.000
8.817	1.000
9.030	1.000
9.246	1.000
9.472	1.000
9.699	1.000
9.942	1.000
10.19	1.000
10.44	1.000
10.71	1.000
10.99	1.000
11.27	1.000
11.57	1.000
11.88	1.000
12.19	1.000
12.52	1.000
12.87	1.000
13.22	1.000
13.60	1.000
13.99	1.000
14.39	1.000
14.81	1.000
15.23	1.000
15.69	1.000
16.17	1.000
16.67	1.000
17.17	1.000
17.71	1.000
18.27	1.000
18.84	1.000
19.43	1.000
20.05	1.000
20.71	1.000
21.39	1.000


Energy (eV)	Error code
0.3845E-01	0.000
0.3855E-01	0.000
0.3921E-01	0.000
0.4156E-01	0.000
0.4748E-01	0.000
0.5997E-01	0.000
0.8408E-01	0.000
0.1259	0.000
0.1865	0.000
0.2601	0.000
0.3415	0.000
0.4288	0.000
0.5223	0.000
0.6230	0.000
0.7338	0.000
0.8597	0.000
1.010	0.000
1.196	0.000
1.429	0.000
1.709	0.000
2.021	0.000
2.345	0.000
2.661	0.000
2.957	0.000
3.230	0.000
3.479	0.000
3.706	0.000
3.915	0.000
4.109	0.000
4.291	0.000
4.463	0.000
4.627	0.000
4.785	0.000
4.938	0.000
5.088	0.000
5.235	0.000
5.380	0.000
5.524	0.000
5.667	0.000
5.811	0.000
5.955	0.000
6.100	0.000
6.247	0.000
6.395	0.000
6.545	0.000
6.698	0.000
6.853	0.000
7.011	0.000
7.173	0.000
7.338	0.000
7.507	0.000
7.679	0.000
7.858	0.000
8.038	0.000
8.226	0.000
8.418	0.000
8.615	0.000
8.817	0.000
9.030	0.000
9.246	0.000
9.472	0.000
9.699	0.000
9.942	0.000
10.19	0.000
10.44	0.000
10.71	0.000
10.99	0.000
11.27	0.000
11.57	0.000
11.88	0.000
12.19	0.000
12.52	0.000
12.87	0.000
13.22	0.000
13.60	0.000
13.99	0.000
14.39	0.000
14.81	0.000
15.23	0.000
15.69	0.000
16.17	0.000
16.67	0.000
17.17	0.000
17.71	0.000
18.27	0.000
18.84	0.000
19.43	0.000
20.05	0.000
20.71	0.000
21.39	0.000


C1    H    Elastic                                              
Energy (eV)	Rate coefficient (m3/s)
0.3845E-01	0.4188E-13
0.3855E-01	0.4193E-13
0.3921E-01	0.4227E-13
0.4156E-01	0.4343E-13
0.4748E-01	0.4617E-13
0.5997E-01	0.5125E-13
0.8408E-01	0.5930E-13
0.1259	0.7011E-13
0.1865	0.8183E-13
0.2601	0.9237E-13
0.3415	0.1010E-12
0.4288	0.1079E-12
0.5223	0.1135E-12
0.6230	0.1181E-12
0.7338	0.1219E-12
0.8597	0.1251E-12
1.010	0.1279E-12
1.196	0.1304E-12
1.429	0.1324E-12
1.709	0.1341E-12
2.021	0.1354E-12
2.345	0.1363E-12
2.661	0.1369E-12
2.957	0.1372E-12
3.230	0.1373E-12
3.479	0.1373E-12
3.706	0.1372E-12
3.915	0.1371E-12
4.109	0.1369E-12
4.291	0.1366E-12
4.463	0.1364E-12
4.627	0.1361E-12
4.785	0.1358E-12
4.938	0.1354E-12
5.088	0.1351E-12
5.235	0.1347E-12
5.380	0.1344E-12
5.524	0.1340E-12
5.667	0.1336E-12
5.811	0.1332E-12
5.955	0.1327E-12
6.100	0.1323E-12
6.247	0.1318E-12
6.395	0.1314E-12
6.545	0.1309E-12
6.698	0.1304E-12
6.853	0.1299E-12
7.011	0.1293E-12
7.173	0.1288E-12
7.338	0.1282E-12
7.507	0.1277E-12
7.679	0.1271E-12
7.858	0.1265E-12
8.038	0.1258E-12
8.226	0.1252E-12
8.418	0.1246E-12
8.615	0.1239E-12
8.817	0.1232E-12
9.030	0.1225E-12
9.246	0.1218E-12
9.472	0.1211E-12
9.699	0.1203E-12
9.942	0.1195E-12
10.19	0.1188E-12
10.44	0.1180E-12
10.71	0.1172E-12
10.99	0.1163E-12
11.27	0.1155E-12
11.57	0.1146E-12
11.88	0.1137E-12
12.19	0.1128E-12
12.52	0.1120E-12
12.87	0.1110E-12
13.22	0.1101E-12
13.60	0.1091E-12
13.99	0.1081E-12
14.39	0.1071E-12
14.81	0.1061E-12
15.23	0.1052E-12
15.69	0.1041E-12
16.17	0.1031E-12
16.67	0.1020E-12
17.17	0.1009E-12
17.71	0.9984E-13
18.27	0.9876E-13
18.84	0.9768E-13
19.43	0.9658E-13
20.05	0.9548E-13
20.71	0.9434E-13
21.39	0.9320E-13


C2    H    Excitation    10.20 eV                               
Energy (eV)	Rate coefficient (m3/s)
0.3845E-01	0.000
0.3855E-01	0.000
0.3921E-01	0.000
0.4156E-01	0.000
0.4748E-01	0.000
0.5997E-01	0.000
0.8408E-01	0.000
0.1259	0.000
0.1865	0.000
0.2601	0.000
0.3415	0.000
0.4288	0.000
0.5223	0.000
0.6230	0.1821E-23
0.7338	0.1383E-21
0.8597	0.3250E-20
1.010	0.3673E-19
1.196	0.2377E-18
1.429	0.1002E-17
1.709	0.3025E-17
2.021	0.7087E-17
2.345	0.1372E-16
2.661	0.2305E-16
2.957	0.3492E-16
3.230	0.4898E-16
3.479	0.6490E-16
3.706	0.8240E-16
3.915	0.1012E-15
4.109	0.1211E-15
4.291	0.1420E-15
4.463	0.1637E-15
4.627	0.1862E-15
4.785	0.2093E-15
4.938	0.2330E-15
5.088	0.2574E-15
5.235	0.2823E-15
5.380	0.3074E-15
5.524	0.3330E-15
5.667	0.3591E-15
5.811	0.3853E-15
5.955	0.4120E-15
6.100	0.4390E-15
6.247	0.4659E-15
6.395	0.4933E-15
6.545	0.5206E-15
6.698	0.5484E-15
6.853	0.5758E-15
7.011	0.6039E-15
7.173	0.6317E-15
7.338	0.6598E-15
7.507	0.6877E-15
7.679	0.7154E-15
7.858	0.7438E-15
8.038	0.7714E-15
8.226	0.7997E-15
8.418	0.8276E-15
8.615	0.8554E-15
8.817	0.8826E-15
9.030	0.9111E-15
9.246	0.9386E-15
9.472	0.9658E-15
9.699	0.9936E-15
9.942	0.1021E-14
10.19	0.1048E-14
10.44	0.1075E-14
10.71	0.1102E-14
10.99	0.1129E-14
11.27	0.1155E-14
11.57	0.1182E-14
11.88	0.1208E-14
12.19	0.1234E-14
12.52	0.1259E-14
12.87	0.1285E-14
13.22	0.1310E-14
13.60	0.1335E-14
13.99	0.1361E-14
14.39	0.1386E-14
14.81	0.1409E-14
15.23	0.1432E-14
15.69	0.1457E-14
16.17	0.1481E-14
16.67	0.1504E-14
17.17	0.1526E-14
17.71	0.1549E-14
18.27	0.1571E-14
18.84	0.1592E-14
19.43	0.1613E-14
20.05	0.1633E-14
20.71	0.1654E-14
21.39	0.1675E-14


C3    H    Excitation    10.20 eV                               
Energy (eV)	Rate coefficient (m3/s)
0.3845E-01	0.000
0.3855E-01	0.000
0.3921E-01	0.000
0.4156E-01	0.000
0.4748E-01	0.000
0.5997E-01	0.000
0.8408E-01	0.000
0.1259	0.000
0.1865	0.000
0.2601	0.000
0.3415	0.000
0.4288	0.000
0.5223	0.000
0.6230	0.3205E-23
0.7338	0.2518E-21
0.8597	0.5970E-20
1.010	0.6813E-19
1.196	0.4458E-18
1.429	0.1900E-17
1.709	0.5809E-17
2.021	0.1379E-16
2.345	0.2705E-16
2.661	0.4609E-16
2.957	0.7084E-16
3.230	0.1008E-15
3.479	0.1357E-15
3.706	0.1749E-15
3.915	0.2182E-15
4.109	0.2654E-15
4.291	0.3163E-15
4.463	0.3708E-15
4.627	0.4288E-15
4.785	0.4902E-15
4.938	0.5551E-15
5.088	0.6237E-15
5.235	0.6959E-15
5.380	0.7710E-15
5.524	0.8502E-15
5.667	0.9330E-15
5.811	0.1019E-14
5.955	0.1109E-14
6.100	0.1203E-14
6.247	0.1300E-14
6.395	0.1401E-14
6.545	0.1506E-14
6.698	0.1615E-14
6.853	0.1727E-14
7.011	0.1844E-14
7.173	0.1964E-14
7.338	0.2089E-14
7.507	0.2218E-14
7.679	0.2350E-14
7.858	0.2488E-14
8.038	0.2629E-14
8.226	0.2776E-14
8.418	0.2926E-14
8.615	0.3080E-14
8.817	0.3238E-14
9.030	0.3405E-14
9.246	0.3573E-14
9.472	0.3749E-14
9.699	0.3925E-14
9.942	0.4111E-14
10.19	0.4302E-14
10.44	0.4493E-14
10.71	0.4693E-14
10.99	0.4900E-14
11.27	0.5105E-14
11.57	0.5322E-14
11.88	0.5546E-14
12.19	0.5770E-14
12.52	0.5995E-14
12.87	0.6238E-14
13.22	0.6476E-14
13.60	0.6726E-14
13.99	0.6981E-14
14.39	0.7241E-14
14.81	0.7503E-14
15.23	0.7764E-14
15.69	0.8043E-14
16.17	0.8326E-14
16.67	0.8613E-14
17.17	0.8898E-14
17.71	0.9196E-14
18.27	0.9493E-14
18.84	0.9791E-14
19.43	0.1009E-13
20.05	0.1040E-13
20.71	0.1072E-13
21.39	0.1104E-13


C4    H    Ionization    13.60 eV                               
Energy (eV)	Rate coefficient (m3/s)
0.3845E-01	0.000
0.3855E-01	0.000
0.3921E-01	0.000
0.4156E-01	0.000
0.4748E-01	0.000
0.5997E-01	0.000
0.8408E-01	0.000
0.1259	0.000
0.1865	0.000
0.2601	0.000
0.3415	0.000
0.4288	0.000
0.5223	0.000
0.6230	0.000
0.7338	0.5606E-26
0.8597	0.6957E-24
1.010	0.2040E-22
1.196	0.2916E-21
1.429	0.2396E-20
1.709	0.1282E-19
2.021	0.4884E-19
2.345	0.1474E-18
2.661	0.3631E-18
2.957	0.7714E-18
3.230	0.1467E-17
3.479	0.2556E-17
3.706	0.4160E-17
3.915	0.6408E-17
4.109	0.9437E-17
4.291	0.1340E-16
4.463	0.1843E-16
4.627	0.2470E-16
4.785	0.3235E-16
4.938	0.4156E-16
5.088	0.5250E-16
5.235	0.6531E-16
5.380	0.8015E-16
5.524	0.9724E-16
5.667	0.1167E-15
5.811	0.1387E-15
5.955	0.1634E-15
6.100	0.1911E-15
6.247	0.2217E-15
6.395	0.2557E-15
6.545	0.2929E-15
6.698	0.3339E-15
6.853	0.3784E-15
7.011	0.4269E-15
7.173	0.4796E-15
7.338	0.5364E-15
7.507	0.5976E-15
7.679	0.6630E-15
7.858	0.7341E-15
8.038	0.8090E-15
8.226	0.8899E-15
8.418	0.9755E-15
8.615	0.1066E-14
8.817	0.1162E-14
9.030	0.1266E-14
9.246	0.1374E-14
9.472	0.1491E-14
9.699	0.1608E-14
9.942	0.1738E-14
10.19	0.1873E-14
10.44	0.2012E-14
10.71	0.2160E-14
10.99	0.2315E-14
11.27	0.2474E-14
11.57	0.2643E-14
11.88	0.2820E-14
12.19	0.3002E-14
12.52	0.3189E-14
12.87	0.3391E-14
13.22	0.3595E-14
13.60	0.3809E-14
13.99	0.4031E-14
14.39	0.4261E-14
14.81	0.4497E-14
15.23	0.4736E-14
15.69	0.4989E-14
16.17	0.5252E-14
16.67	0.5521E-14
17.17	0.5792E-14
17.71	0.6077E-14
18.27	0.6365E-14
18.84	0.6655E-14
19.43	0.6955E-14
20.05	0.7262E-14
20.71	0.7579E-14
21.39	0.7901E-14


C5    H2    Effective (momentum)                                
Energy (eV)	Rate coefficient (m3/s)
0.3845E-01	0.9677E-14
0.3855E-01	0.9692E-14
0.3921E-01	0.9800E-14
0.4156E-01	0.1018E-13
0.4748E-01	0.1110E-13
0.5997E-01	0.1294E-13
0.8408E-01	0.1621E-13
0.1259	0.2141E-13
0.1865	0.2833E-13
0.2601	0.3614E-13
0.3415	0.4419E-13
0.4288	0.5224E-13
0.5223	0.6023E-13
0.6230	0.6814E-13
0.7338	0.7597E-13
0.8597	0.8376E-13
1.010	0.9154E-13
1.196	0.9927E-13
1.429	0.1068E-12
1.709	0.1137E-12
2.021	0.1196E-12
2.345	0.1245E-12
2.661	0.1282E-12
2.957	0.1310E-12
3.230	0.1331E-12
3.479	0.1346E-12
3.706	0.1356E-12
3.915	0.1364E-12
4.109	0.1369E-12
4.291	0.1373E-12
4.463	0.1375E-12
4.627	0.1376E-12
4.785	0.1376E-12
4.938	0.1376E-12
5.088	0.1375E-12
5.235	0.1373E-12
5.380	0.1371E-12
5.524	0.1369E-12
5.667	0.1367E-12
5.811	0.1364E-12
5.955	0.1361E-12
6.100	0.1358E-12
6.247	0.1355E-12
6.395	0.1352E-12
6.545	0.1348E-12
6.698	0.1345E-12
6.853	0.1341E-12
7.011	0.1338E-12
7.173	0.1334E-12
7.338	0.1330E-12
7.507	0.1326E-12
7.679	0.1322E-12
7.858	0.1318E-12
8.038	0.1314E-12
8.226	0.1310E-12
8.418	0.1306E-12
8.615	0.1302E-12
8.817	0.1298E-12
9.030	0.1294E-12
9.246	0.1290E-12
9.472	0.1286E-12
9.699	0.1282E-12
9.942	0.1278E-12
10.19	0.1275E-12
10.44	0.1271E-12
10.71	0.1267E-12
10.99	0.1263E-12
11.27	0.1260E-12
11.57	0.1256E-12
11.88	0.1252E-12
12.19	0.1249E-12
12.52	0.1246E-12
12.87	0.1242E-12
13.22	0.1239E-12
13.60	0.1236E-12
13.99	0.1233E-12
14.39	0.1230E-12
14.81	0.1227E-12
15.23	0.1225E-12
15.69	0.1222E-12
16.17	0.1220E-12
16.67	0.1218E-12
17.17	0.1215E-12
17.71	0.1213E-12
18.27	0.1212E-12
18.84	0.1210E-12
19.43	0.1208E-12
20.05	0.1207E-12
20.71	0.1206E-12
21.39	0.1205E-12


C6    H2    Excitation    0.04 eV                               
Energy (eV)	Rate coefficient (m3/s)
0.3845E-01	0.6985E-17
0.3855E-01	0.7023E-17
0.3921E-01	0.7288E-17
0.4156E-01	0.8248E-17
0.4748E-01	0.1074E-16
0.5997E-01	0.1627E-16
0.8408E-01	0.2765E-16
0.1259	0.4935E-16
0.1865	0.8510E-16
0.2601	0.1360E-15
0.3415	0.2026E-15
0.4288	0.2862E-15
0.5223	0.3888E-15
0.6230	0.5128E-15
0.7338	0.6623E-15
0.8597	0.8432E-15
1.010	0.1063E-14
1.196	0.1327E-14
1.429	0.1634E-14
1.709	0.1969E-14
2.021	0.2305E-14
2.345	0.2621E-14
2.661	0.2902E-14
2.957	0.3142E-14
3.230	0.3345E-14
3.479	0.3515E-14
3.706	0.3659E-14
3.915	0.3781E-14
4.109	0.3885E-14
4.291	0.3976E-14
4.463	0.4055E-14
4.627	0.4125E-14
4.785	0.4187E-14
4.938	0.4243E-14
5.088	0.4293E-14
5.235	0.4339E-14
5.380	0.4381E-14
5.524	0.4420E-14
5.667	0.4455E-14
5.811	0.4488E-14
5.955	0.4518E-14
6.100	0.4547E-14
6.247	0.4573E-14
6.395	0.4597E-14
6.545	0.4620E-14
6.698	0.4641E-14
6.853	0.4660E-14
7.011	0.4679E-14
7.173	0.4696E-14
7.338	0.4711E-14
7.507	0.4726E-14
7.679	0.4739E-14
7.858	0.4751E-14
8.038	0.4762E-14
8.226	0.4772E-14
8.418	0.4782E-14
8.615	0.4790E-14
8.817	0.4797E-14
9.030	0.4803E-14
9.246	0.4809E-14
9.472	0.4813E-14
9.699	0.4817E-14
9.942	0.4820E-14
10.19	0.4821E-14
10.44	0.4823E-14
10.71	0.4823E-14
10.99	0.4822E-14
11.27	0.4821E-14
11.57	0.4819E-14
11.88	0.4816E-14
12.19	0.4812E-14
12.52	0.4808E-14
12.87	0.4802E-14
13.22	0.4797E-14
13.60	0.4790E-14
13.99	0.4782E-14
14.39	0.4774E-14
14.81	0.4765E-14
15.23	0.4756E-14
15.69	0.4745E-14
16.17	0.4734E-14
16.67	0.4722E-14
17.17	0.4710E-14
17.71	0.4697E-14
18.27	0.4683E-14
18.84	0.4669E-14
19.43	0.4654E-14
20.05	0.4639E-14
20.71	0.4622E-14
21.39	0.4606E-14


C7    H2    Excitation    0.07 eV                               
Energy (eV)	Rate coefficient (m3/s)
0.3845E-01	0.5213E-17
0.3855E-01	0.5256E-17
0.3921E-01	0.5564E-17
0.4156E-01	0.6715E-17
0.4748E-01	0.9925E-17
0.5997E-01	0.1778E-16
0.8408E-01	0.3561E-16
0.1259	0.7208E-16
0.1865	0.1346E-15
0.2601	0.2249E-15
0.3415	0.3429E-15
0.4288	0.4897E-15
0.5223	0.6684E-15
0.6230	0.8840E-15
0.7338	0.1144E-14
0.8597	0.1461E-14
1.010	0.1849E-14
1.196	0.2319E-14
1.429	0.2870E-14
1.709	0.3474E-14
2.021	0.4085E-14
2.345	0.4660E-14
2.661	0.5173E-14
2.957	0.5613E-14
3.230	0.5986E-14
3.479	0.6300E-14
3.706	0.6564E-14
3.915	0.6789E-14
4.109	0.6982E-14
4.291	0.7149E-14
4.463	0.7296E-14
4.627	0.7425E-14
4.785	0.7540E-14
4.938	0.7644E-14
5.088	0.7738E-14
5.235	0.7823E-14
5.380	0.7901E-14
5.524	0.7973E-14
5.667	0.8038E-14
5.811	0.8100E-14
5.955	0.8156E-14
6.100	0.8208E-14
6.247	0.8257E-14
6.395	0.8302E-14
6.545	0.8345E-14
6.698	0.8384E-14
6.853	0.8421E-14
7.011	0.8455E-14
7.173	0.8486E-14
7.338	0.8516E-14
7.507	0.8543E-14
7.679	0.8568E-14
7.858	0.8591E-14
8.038	0.8612E-14
8.226	0.8631E-14
8.418	0.8648E-14
8.615	0.8664E-14
8.817	0.8677E-14
9.030	0.8689E-14
9.246	0.8700E-14
9.472	0.8708E-14
9.699	0.8716E-14
9.942	0.8721E-14
10.19	0.8725E-14
10.44	0.8727E-14
10.71	0.8728E-14
10.99	0.8727E-14
11.27	0.8725E-14
11.57	0.8722E-14
11.88	0.8717E-14
12.19	0.8711E-14
12.52	0.8703E-14
12.87	0.8694E-14
13.22	0.8683E-14
13.60	0.8671E-14
13.99	0.8658E-14
14.39	0.8643E-14
14.81	0.8627E-14
15.23	0.8611E-14
15.69	0.8592E-14
16.17	0.8572E-14
16.67	0.8551E-14
17.17	0.8529E-14
17.71	0.8506E-14
18.27	0.8481E-14
18.84	0.8456E-14
19.43	0.8429E-14
20.05	0.8402E-14
20.71	0.8372E-14
21.39	0.8342E-14


C8    H2    Excitation    0.52 eV                               
Energy (eV)	Rate coefficient (m3/s)
0.3845E-01	0.5955E-23
0.3855E-01	0.6262E-23
0.3921E-01	0.8816E-23
0.4156E-01	0.2656E-22
0.4748E-01	0.2334E-21
0.5997E-01	0.4261E-20
0.8408E-01	0.7716E-19
0.1259	0.8272E-18
0.1865	0.4741E-17
0.2601	0.1672E-16
0.3415	0.4295E-16
0.4288	0.9026E-16
0.5223	0.1659E-15
0.6230	0.2770E-15
0.7338	0.4304E-15
0.8597	0.6319E-15
1.010	0.8843E-15
1.196	0.1184E-14
1.429	0.1517E-14
1.709	0.1854E-14
2.021	0.2166E-14
2.345	0.2433E-14
2.661	0.2648E-14
2.957	0.2813E-14
3.230	0.2936E-14
3.479	0.3027E-14
3.706	0.3093E-14
3.915	0.3139E-14
4.109	0.3172E-14
4.291	0.3192E-14
4.463	0.3205E-14
4.627	0.3210E-14
4.785	0.3210E-14
4.938	0.3206E-14
5.088	0.3198E-14
5.235	0.3187E-14
5.380	0.3173E-14
5.524	0.3157E-14
5.667	0.3139E-14
5.811	0.3119E-14
5.955	0.3098E-14
6.100	0.3076E-14
6.247	0.3052E-14
6.395	0.3027E-14
6.545	0.3002E-14
6.698	0.2975E-14
6.853	0.2948E-14
7.011	0.2919E-14
7.173	0.2891E-14
7.338	0.2861E-14
7.507	0.2831E-14
7.679	0.2801E-14
7.858	0.2770E-14
8.038	0.2738E-14
8.226	0.2706E-14
8.418	0.2674E-14
8.615	0.2642E-14
8.817	0.2609E-14
9.030	0.2575E-14
9.246	0.2542E-14
9.472	0.2509E-14
9.699	0.2475E-14
9.942	0.2441E-14
10.19	0.2406E-14
10.44	0.2372E-14
10.71	0.2337E-14
10.99	0.2303E-14
11.27	0.2269E-14
11.57	0.2233E-14
11.88	0.2198E-14
12.19	0.2164E-14
12.52	0.2130E-14
12.87	0.2094E-14
13.22	0.2061E-14
13.60	0.2026E-14
13.99	0.1991E-14
14.39	0.1956E-14
14.81	0.1923E-14
15.23	0.1890E-14
15.69	0.1855E-14
16.17	0.1821E-14
16.67	0.1787E-14
17.17	0.1755E-14
17.71	0.1722E-14
18.27	0.1689E-14
18.84	0.1658E-14
19.43	0.1627E-14
20.05	0.1596E-14
20.71	0.1564E-14
21.39	0.1533E-14


C9    H2    Excitation    1.00 eV                               
Energy (eV)	Rate coefficient (m3/s)
0.3845E-01	0.000
0.3855E-01	0.000
0.3921E-01	0.000
0.4156E-01	0.000
0.4748E-01	0.000
0.5997E-01	0.2880E-27
0.8408E-01	0.2395E-24
0.1259	0.4010E-22
0.1865	0.1642E-20
0.2601	0.2252E-19
0.3415	0.1494E-18
0.4288	0.6215E-18
0.5223	0.1901E-17
0.6230	0.4700E-17
0.7338	0.9970E-17
0.8597	0.1884E-16
1.010	0.3248E-16
1.196	0.5169E-16
1.429	0.7624E-16
1.709	0.1044E-15
2.021	0.1333E-15
2.345	0.1605E-15
2.661	0.1844E-15
2.957	0.2044E-15
3.230	0.2208E-15
3.479	0.2341E-15
3.706	0.2447E-15
3.915	0.2533E-15
4.109	0.2601E-15
4.291	0.2656E-15
4.463	0.2700E-15
4.627	0.2735E-15
4.785	0.2762E-15
4.938	0.2783E-15
5.088	0.2798E-15
5.235	0.2809E-15
5.380	0.2815E-15
5.524	0.2818E-15
5.667	0.2818E-15
5.811	0.2815E-15
5.955	0.2809E-15
6.100	0.2800E-15
6.247	0.2790E-15
6.395	0.2778E-15
6.545	0.2764E-15
6.698	0.2747E-15
6.853	0.2730E-15
7.011	0.2711E-15
7.173	0.2690E-15
7.338	0.2669E-15
7.507	0.2646E-15
7.679	0.2622E-15
7.858	0.2597E-15
8.038	0.2571E-15
8.226	0.2543E-15
8.418	0.2516E-15
8.615	0.2487E-15
8.817	0.2458E-15
9.030	0.2427E-15
9.246	0.2396E-15
9.472	0.2364E-15
9.699	0.2332E-15
9.942	0.2299E-15
10.19	0.2265E-15
10.44	0.2231E-15
10.71	0.2196E-15
10.99	0.2161E-15
11.27	0.2127E-15
11.57	0.2090E-15
11.88	0.2053E-15
12.19	0.2018E-15
12.52	0.1982E-15
12.87	0.1944E-15
13.22	0.1908E-15
13.60	0.1870E-15
13.99	0.1832E-15
14.39	0.1794E-15
14.81	0.1758E-15
15.23	0.1722E-15
15.69	0.1683E-15
16.17	0.1645E-15
16.67	0.1607E-15
17.17	0.1571E-15
17.71	0.1533E-15
18.27	0.1496E-15
18.84	0.1461E-15
19.43	0.1425E-15
20.05	0.1389E-15
20.71	0.1353E-15
21.39	0.1317E-15


C10   H2    Excitation    1.50 eV                               
Energy (eV)	Rate coefficient (m3/s)
0.3845E-01	0.000
0.3855E-01	0.000
0.3921E-01	0.000
0.4156E-01	0.000
0.4748E-01	0.000
0.5997E-01	0.000
0.8408E-01	0.7134E-27
0.1259	0.2900E-24
0.1865	0.2330E-22
0.2601	0.5447E-21
0.3415	0.5427E-20
0.4288	0.3047E-19
0.5223	0.1158E-18
0.6230	0.3345E-18
0.7338	0.7930E-18
0.8597	0.1622E-17
1.010	0.2953E-17
1.196	0.4874E-17
1.429	0.7352E-17
1.709	0.1019E-16
2.021	0.1310E-16
2.345	0.1582E-16
2.661	0.1818E-16
2.957	0.2014E-16
3.230	0.2172E-16
3.479	0.2299E-16
3.706	0.2398E-16
3.915	0.2477E-16
4.109	0.2539E-16
4.291	0.2588E-16
4.463	0.2626E-16
4.627	0.2654E-16
4.785	0.2676E-16
4.938	0.2691E-16
5.088	0.2701E-16
5.235	0.2706E-16
5.380	0.2708E-16
5.524	0.2706E-16
5.667	0.2701E-16
5.811	0.2693E-16
5.955	0.2683E-16
6.100	0.2671E-16
6.247	0.2657E-16
6.395	0.2641E-16
6.545	0.2624E-16
6.698	0.2604E-16
6.853	0.2584E-16
7.011	0.2562E-16
7.173	0.2540E-16
7.338	0.2516E-16
7.507	0.2491E-16
7.679	0.2465E-16
7.858	0.2438E-16
8.038	0.2411E-16
8.226	0.2382E-16
8.418	0.2353E-16
8.615	0.2323E-16
8.817	0.2293E-16
9.030	0.2261E-16
9.246	0.2230E-16
9.472	0.2198E-16
9.699	0.2165E-16
9.942	0.2132E-16
10.19	0.2098E-16
10.44	0.2065E-16
10.71	0.2031E-16
10.99	0.1996E-16
11.27	0.1962E-16
11.57	0.1926E-16
11.88	0.1890E-16
12.19	0.1856E-16
12.52	0.1821E-16
12.87	0.1784E-16
13.22	0.1750E-16
13.60	0.1714E-16
13.99	0.1677E-16
14.39	0.1641E-16
14.81	0.1606E-16
15.23	0.1572E-16
15.69	0.1535E-16
16.17	0.1499E-16
16.67	0.1463E-16
17.17	0.1429E-16
17.71	0.1393E-16
18.27	0.1359E-16
18.84	0.1325E-16
19.43	0.1292E-16
20.05	0.1259E-16
20.71	0.1225E-16
21.39	0.1191E-16


C11   H2    Excitation    8.90 eV                               
Energy (eV)	Rate coefficient (m3/s)
0.3845E-01	0.000
0.3855E-01	0.000
0.3921E-01	0.000
0.4156E-01	0.000
0.4748E-01	0.000
0.5997E-01	0.000
0.8408E-01	0.000
0.1259	0.000
0.1865	0.000
0.2601	0.000
0.3415	0.000
0.4288	0.000
0.5223	0.000
0.6230	0.9265E-23
0.7338	0.4882E-21
0.8597	0.9906E-20
1.010	0.1010E-18
1.196	0.6076E-18
1.429	0.2429E-17
1.709	0.7062E-17
2.021	0.1610E-16
2.345	0.3056E-16
2.661	0.5066E-16
2.957	0.7601E-16
3.230	0.1060E-15
3.479	0.1400E-15
3.706	0.1775E-15
3.915	0.2181E-15
4.109	0.2615E-15
4.291	0.3076E-15
4.463	0.3560E-15
4.627	0.4067E-15
4.785	0.4594E-15
4.938	0.5142E-15
5.088	0.5711E-15
5.235	0.6299E-15
5.380	0.6901E-15
5.524	0.7523E-15
5.667	0.8161E-15
5.811	0.8811E-15
5.955	0.9478E-15
6.100	0.1016E-14
6.247	0.1085E-14
6.395	0.1155E-14
6.545	0.1226E-14
6.698	0.1298E-14
6.853	0.1370E-14
7.011	0.1444E-14
7.173	0.1517E-14
7.338	0.1592E-14
7.507	0.1666E-14
7.679	0.1739E-14
7.858	0.1815E-14
8.038	0.1888E-14
8.226	0.1963E-14
8.418	0.2037E-14
8.615	0.2110E-14
8.817	0.2181E-14
9.030	0.2255E-14
9.246	0.2325E-14
9.472	0.2395E-14
9.699	0.2464E-14
9.942	0.2531E-14
10.19	0.2598E-14
10.44	0.2662E-14
10.71	0.2726E-14
10.99	0.2788E-14
11.27	0.2846E-14
11.57	0.2905E-14
11.88	0.2963E-14
12.19	0.3016E-14
12.52	0.3064E-14
12.87	0.3117E-14
13.22	0.3161E-14
13.60	0.3207E-14
13.99	0.3250E-14
14.39	0.3290E-14
14.81	0.3325E-14
15.23	0.3355E-14
15.69	0.3389E-14
16.17	0.3418E-14
16.67	0.3443E-14
17.17	0.3464E-14
17.71	0.3484E-14
18.27	0.3499E-14
18.84	0.3511E-14
19.43	0.3520E-14
20.05	0.3526E-14
20.71	0.3531E-14
21.39	0.3533E-14


C12   H2    Excitation    11.30 eV                              
Energy (eV)	Rate coefficient (m3/s)
0.3845E-01	0.000
0.3855E-01	0.000
0.3921E-01	0.000
0.4156E-01	0.000
0.4748E-01	0.000
0.5997E-01	0.000
0.8408E-01	0.000
0.1259	0.000
0.1865	0.000
0.2601	0.000
0.3415	0.000
0.4288	0.000
0.5223	0.000
0.6230	0.000
0.7338	0.7909E-23
0.8597	0.2567E-21
1.010	0.3771E-20
1.196	0.3037E-19
1.429	0.1539E-18
1.709	0.5455E-18
2.021	0.1470E-17
2.345	0.3225E-17
2.661	0.6063E-17
2.957	0.1017E-16
3.230	0.1567E-16
3.479	0.2264E-16
3.706	0.3116E-16
3.915	0.4128E-16
4.109	0.5306E-16
4.291	0.6659E-16
4.463	0.8191E-16
4.627	0.9911E-16
4.785	0.1182E-15
4.938	0.1394E-15
5.088	0.1627E-15
5.235	0.1882E-15
5.380	0.2158E-15
5.524	0.2460E-15
5.667	0.2786E-15
5.811	0.3137E-15
5.955	0.3515E-15
6.100	0.3922E-15
6.247	0.4354E-15
6.395	0.4818E-15
6.545	0.5310E-15
6.698	0.5836E-15
6.853	0.6390E-15
7.011	0.6981E-15
7.173	0.7606E-15
7.338	0.8264E-15
7.507	0.8960E-15
7.679	0.9685E-15
7.858	0.1046E-14
8.038	0.1126E-14
8.226	0.1212E-14
8.418	0.1300E-14
8.615	0.1393E-14
8.817	0.1489E-14
9.030	0.1592E-14
9.246	0.1697E-14
9.472	0.1809E-14
9.699	0.1921E-14
9.942	0.2043E-14
10.19	0.2168E-14
10.44	0.2296E-14
10.71	0.2429E-14
10.99	0.2569E-14
11.27	0.2709E-14
11.57	0.2858E-14
11.88	0.3013E-14
12.19	0.3170E-14
12.52	0.3329E-14
12.87	0.3499E-14
13.22	0.3670E-14
13.60	0.3848E-14
13.99	0.4030E-14
14.39	0.4218E-14
14.81	0.4408E-14
15.23	0.4599E-14
15.69	0.4802E-14
16.17	0.5009E-14
16.67	0.5219E-14
17.17	0.5430E-14
17.71	0.5649E-14
18.27	0.5869E-14
18.84	0.6089E-14
19.43	0.6315E-14
20.05	0.6544E-14
20.71	0.6781E-14
21.39	0.7019E-14


C13   H2    Excitation    11.75 eV                              
Energy (eV)	Rate coefficient (m3/s)
0.3845E-01	0.000
0.3855E-01	0.000
0.3921E-01	0.000
0.4156E-01	0.000
0.4748E-01	0.000
0.5997E-01	0.000
0.8408E-01	0.000
0.1259	0.000
0.1865	0.000
0.2601	0.000
0.3415	0.000
0.4288	0.000
0.5223	0.000
0.6230	0.000
0.7338	0.4275E-23
0.8597	0.1566E-21
1.010	0.2530E-20
1.196	0.2201E-19
1.429	0.1187E-18
1.709	0.4426E-18
2.021	0.1242E-17
2.345	0.2819E-17
2.661	0.5445E-17
2.957	0.9330E-17
3.230	0.1461E-16
3.479	0.2137E-16
3.706	0.2966E-16
3.915	0.3950E-16
4.109	0.5089E-16
4.291	0.6384E-16
4.463	0.7830E-16
4.627	0.9425E-16
4.785	0.1116E-15
4.938	0.1304E-15
5.088	0.1506E-15
5.235	0.1721E-15
5.380	0.1947E-15
5.524	0.2186E-15
5.667	0.2436E-15
5.811	0.2695E-15
5.955	0.2965E-15
6.100	0.3244E-15
6.247	0.3529E-15
6.395	0.3823E-15
6.545	0.4123E-15
6.698	0.4429E-15
6.853	0.4738E-15
7.011	0.5054E-15
7.173	0.5372E-15
7.338	0.5693E-15
7.507	0.6016E-15
7.679	0.6335E-15
7.858	0.6664E-15
8.038	0.6983E-15
8.226	0.7310E-15
8.418	0.7629E-15
8.615	0.7946E-15
8.817	0.8258E-15
9.030	0.8575E-15
9.246	0.8883E-15
9.472	0.9183E-15
9.699	0.9482E-15
9.942	0.9769E-15
10.19	0.1006E-14
10.44	0.1033E-14
10.71	0.1061E-14
10.99	0.1087E-14
11.27	0.1112E-14
11.57	0.1137E-14
11.88	0.1161E-14
12.19	0.1184E-14
12.52	0.1204E-14
12.87	0.1226E-14
13.22	0.1245E-14
13.60	0.1263E-14
13.99	0.1282E-14
14.39	0.1298E-14
14.81	0.1312E-14
15.23	0.1325E-14
15.69	0.1339E-14
16.17	0.1351E-14
16.67	0.1361E-14
17.17	0.1369E-14
17.71	0.1377E-14
18.27	0.1384E-14
18.84	0.1388E-14
19.43	0.1391E-14
20.05	0.1394E-14
20.71	0.1396E-14
21.39	0.1396E-14


C14   H2    Excitation    11.80 eV                              
Energy (eV)	Rate coefficient (m3/s)
0.3845E-01	0.000
0.3855E-01	0.000
0.3921E-01	0.000
0.4156E-01	0.000
0.4748E-01	0.000
0.5997E-01	0.000
0.8408E-01	0.000
0.1259	0.000
0.1865	0.000
0.2601	0.000
0.3415	0.000
0.4288	0.000
0.5223	0.000
0.6230	0.000
0.7338	0.1449E-23
0.8597	0.5827E-22
1.010	0.1020E-20
1.196	0.9510E-20
1.429	0.5440E-19
1.709	0.2133E-18
2.021	0.6247E-18
2.345	0.1470E-17
2.661	0.2928E-17
2.957	0.5150E-17
3.230	0.8246E-17
3.479	0.1230E-16
3.706	0.1735E-16
3.915	0.2343E-16
4.109	0.3055E-16
4.291	0.3873E-16
4.463	0.4794E-16
4.627	0.5818E-16
4.785	0.6940E-16
4.938	0.8160E-16
5.088	0.9476E-16
5.235	0.1088E-15
5.380	0.1237E-15
5.524	0.1395E-15
5.667	0.1561E-15
5.811	0.1733E-15
5.955	0.1913E-15
6.100	0.2100E-15
6.247	0.2291E-15
6.395	0.2489E-15
6.545	0.2691E-15
6.698	0.2898E-15
6.853	0.3109E-15
7.011	0.3323E-15
7.173	0.3541E-15
7.338	0.3761E-15
7.507	0.3983E-15
7.679	0.4203E-15
7.858	0.4431E-15
8.038	0.4652E-15
8.226	0.4880E-15
8.418	0.5104E-15
8.615	0.5326E-15
8.817	0.5546E-15
9.030	0.5770E-15
9.246	0.5989E-15
9.472	0.6203E-15
9.699	0.6417E-15
9.942	0.6625E-15
10.19	0.6835E-15
10.44	0.7033E-15
10.71	0.7233E-15
10.99	0.7430E-15
11.27	0.7612E-15
11.57	0.7797E-15
11.88	0.7980E-15
12.19	0.8148E-15
12.52	0.8304E-15
12.87	0.8470E-15
13.22	0.8613E-15
13.60	0.8759E-15
13.99	0.8900E-15
14.39	0.9030E-15
14.81	0.9146E-15
15.23	0.9248E-15
15.69	0.9359E-15
16.17	0.9457E-15
16.67	0.9544E-15
17.17	0.9618E-15
17.71	0.9687E-15
18.27	0.9746E-15
18.84	0.9793E-15
19.43	0.9828E-15
20.05	0.9858E-15
20.71	0.9885E-15
21.39	0.9902E-15


C15   H2    Excitation    12.40 eV                              
Energy (eV)	Rate coefficient (m3/s)
0.3845E-01	0.000
0.3855E-01	0.000
0.3921E-01	0.000
0.4156E-01	0.000
0.4748E-01	0.000
0.5997E-01	0.000
0.8408E-01	0.000
0.1259	0.000
0.1865	0.000
0.2601	0.000
0.3415	0.000
0.4288	0.000
0.5223	0.000
0.6230	0.000
0.7338	0.2046E-24
0.8597	0.1049E-22
1.010	0.2224E-21
1.196	0.2440E-20
1.429	0.1609E-19
1.709	0.7143E-19
2.021	0.2335E-18
2.345	0.6084E-18
2.661	0.1327E-17
2.957	0.2535E-17
3.230	0.4382E-17
3.479	0.7013E-17
3.706	0.1057E-16
3.915	0.1519E-16
4.109	0.2100E-16
4.291	0.2814E-16
4.463	0.3671E-16
4.627	0.4686E-16
4.785	0.5866E-16
4.938	0.7226E-16
5.088	0.8778E-16
5.235	0.1053E-15
5.380	0.1249E-15
5.524	0.1468E-15
5.667	0.1709E-15
5.811	0.1974E-15
5.955	0.2265E-15
6.100	0.2582E-15
6.247	0.2924E-15
6.395	0.3295E-15
6.545	0.3693E-15
6.698	0.4122E-15
6.853	0.4579E-15
7.011	0.5068E-15
7.173	0.5590E-15
7.338	0.6142E-15
7.507	0.6729E-15
7.679	0.7343E-15
7.858	0.8003E-15
8.038	0.8687E-15
8.226	0.9416E-15
8.418	0.1018E-14
8.615	0.1097E-14
8.817	0.1180E-14
9.030	0.1268E-14
9.246	0.1359E-14
9.472	0.1456E-14
9.699	0.1553E-14
9.942	0.1659E-14
10.19	0.1767E-14
10.44	0.1878E-14
10.71	0.1994E-14
10.99	0.2115E-14
11.27	0.2237E-14
11.57	0.2367E-14
11.88	0.2501E-14
12.19	0.2638E-14
12.52	0.2776E-14
12.87	0.2925E-14
13.22	0.3074E-14
13.60	0.3230E-14
13.99	0.3390E-14
14.39	0.3554E-14
14.81	0.3721E-14
15.23	0.3889E-14
15.69	0.4067E-14
16.17	0.4250E-14
16.67	0.4436E-14
17.17	0.4621E-14
17.71	0.4816E-14
18.27	0.5011E-14
18.84	0.5207E-14
19.43	0.5408E-14
20.05	0.5612E-14
20.71	0.5824E-14
21.39	0.6037E-14


C16   H2    Excitation    13.86 eV                              
Energy (eV)	Rate coefficient (m3/s)
0.3845E-01	0.000
0.3855E-01	0.000
0.3921E-01	0.000
0.4156E-01	0.000
0.4748E-01	0.000
0.5997E-01	0.000
0.8408E-01	0.000
0.1259	0.000
0.1865	0.000
0.2601	0.000
0.3415	0.000
0.4288	0.000
0.5223	0.000
0.6230	0.000
0.7338	0.000
0.8597	0.000
1.010	0.000
1.196	0.000
1.429	0.000
1.709	0.000
2.021	0.4292E-36
2.345	0.3050E-28
2.661	0.2843E-27
2.957	0.1856E-26
3.230	0.9808E-26
3.479	0.4153E-25
3.706	0.1482E-24
3.915	0.4581E-24
4.109	0.1255E-23
4.291	0.3105E-23
4.463	0.7033E-23
4.627	0.1478E-22
4.785	0.2906E-22
4.938	0.5397E-22
5.088	0.9533E-22
5.235	0.1609E-21
5.380	0.2612E-21
5.524	0.4094E-21
5.667	0.6214E-21
5.811	0.9171E-21
5.955	0.1319E-20
6.100	0.1855E-20
6.247	0.2554E-20
6.395	0.3449E-20
6.545	0.4578E-20
6.698	0.5982E-20
6.853	0.7699E-20
7.011	0.9781E-20
7.173	0.1227E-19
7.338	0.1522E-19
7.507	0.1867E-19
7.679	0.2267E-19
7.858	0.2731E-19
8.038	0.3257E-19
8.226	0.3857E-19
8.418	0.4531E-19
8.615	0.5285E-19
8.817	0.6120E-19
9.030	0.7053E-19
9.246	0.8069E-19
9.472	0.9234E-19
9.699	0.1040E-18
9.942	0.1177E-18
10.19	0.1320E-18
10.44	0.1472E-18
10.71	0.1635E-18
10.99	0.1810E-18
11.27	0.1992E-18
11.57	0.2188E-18
11.88	0.2394E-18
12.19	0.2608E-18
12.52	0.2830E-18
12.87	0.3066E-18
13.22	0.3308E-18
13.60	0.3561E-18
13.99	0.3819E-18
14.39	0.4088E-18
14.81	0.4360E-18
15.23	0.4633E-18
15.69	0.4919E-18
16.17	0.5210E-18
16.67	0.5504E-18
17.17	0.5796E-18
17.71	0.6094E-18
18.27	0.6390E-18
18.84	0.6681E-18
19.43	0.6974E-18
20.05	0.7265E-18
20.71	0.7559E-18
21.39	0.7846E-18


C17   H2    Excitation    14.00 eV                              
Energy (eV)	Rate coefficient (m3/s)
0.3845E-01	0.000
0.3855E-01	0.000
0.3921E-01	0.000
0.4156E-01	0.000
0.4748E-01	0.000
0.5997E-01	0.000
0.8408E-01	0.000
0.1259	0.000
0.1865	0.000
0.2601	0.000
0.3415	0.000
0.4288	0.000
0.5223	0.000
0.6230	0.000
0.7338	0.2436E-27
0.8597	0.1318E-24
1.010	0.4255E-23
1.196	0.6534E-22
1.429	0.5662E-21
1.709	0.3147E-20
2.021	0.1233E-19
2.345	0.3775E-19
2.661	0.9376E-19
2.957	0.1995E-18
3.230	0.3778E-18
3.479	0.6528E-18
3.706	0.1049E-17
3.915	0.1592E-17
4.109	0.2302E-17
4.291	0.3204E-17
4.463	0.4312E-17
4.627	0.5645E-17
4.785	0.7213E-17
4.938	0.9031E-17
5.088	0.1111E-16
5.235	0.1345E-16
5.380	0.1605E-16
5.524	0.1892E-16
5.667	0.2207E-16
5.811	0.2546E-16
5.955	0.2912E-16
6.100	0.3306E-16
6.247	0.3720E-16
6.395	0.4161E-16
6.545	0.4623E-16
6.698	0.5109E-16
6.853	0.5612E-16
7.011	0.6136E-16
7.173	0.6681E-16
7.338	0.7239E-16
7.507	0.7814E-16
7.679	0.8397E-16
7.858	0.9004E-16
8.038	0.9609E-16
8.226	0.1023E-15
8.418	0.1086E-15
8.615	0.1149E-15
8.817	0.1213E-15
9.030	0.1278E-15
9.246	0.1342E-15
9.472	0.1407E-15
9.699	0.1471E-15
9.942	0.1535E-15
10.19	0.1600E-15
10.44	0.1662E-15
10.71	0.1725E-15
10.99	0.1787E-15
11.27	0.1846E-15
11.57	0.1907E-15
11.88	0.1967E-15
12.19	0.2023E-15
12.52	0.2077E-15
12.87	0.2133E-15
13.22	0.2184E-15
13.60	0.2236E-15
13.99	0.2285E-15
14.39	0.2333E-15
14.81	0.2377E-15
15.23	0.2417E-15
15.69	0.2459E-15
16.17	0.2498E-15
16.67	0.2535E-15
17.17	0.2567E-15
17.71	0.2598E-15
18.27	0.2626E-15
18.84	0.2651E-15
19.43	0.2672E-15
20.05	0.2691E-15
20.71	0.2711E-15
21.39	0.2727E-15


C18   H2    Excitation    15.00 eV                              
Energy (eV)	Rate coefficient (m3/s)
0.3845E-01	0.000
0.3855E-01	0.000
0.3921E-01	0.000
0.4156E-01	0.000
0.4748E-01	0.000
0.5997E-01	0.000
0.8408E-01	0.000
0.1259	0.000
0.1865	0.000
0.2601	0.000
0.3415	0.000
0.4288	0.000
0.5223	0.000
0.6230	0.000
0.7338	0.000
0.8597	0.3242E-31
1.010	0.3220E-26
1.196	0.1393E-24
1.429	0.2397E-23
1.709	0.2298E-22
2.021	0.1204E-21
2.345	0.6802E-21
2.661	0.2418E-20
2.957	0.7029E-20
3.230	0.1763E-19
3.479	0.3914E-19
3.706	0.7885E-19
3.915	0.1467E-18
4.109	0.2553E-18
4.291	0.4209E-18
4.463	0.6617E-18
4.627	0.9998E-18
4.785	0.1459E-17
4.938	0.2066E-17
5.088	0.2851E-17
5.235	0.3843E-17
5.380	0.5075E-17
5.524	0.6585E-17
5.667	0.8405E-17
5.811	0.1057E-16
5.955	0.1312E-16
6.100	0.1610E-16
6.247	0.1954E-16
6.395	0.2348E-16
6.545	0.2796E-16
6.698	0.3304E-16
6.853	0.3873E-16
7.011	0.4509E-16
7.173	0.5218E-16
7.338	0.6000E-16
7.507	0.6863E-16
7.679	0.7805E-16
7.858	0.8844E-16
8.038	0.9965E-16
8.226	0.1119E-15
8.418	0.1251E-15
8.615	0.1394E-15
8.817	0.1547E-15
9.030	0.1714E-15
9.246	0.1890E-15
9.472	0.2086E-15
9.699	0.2281E-15
9.942	0.2503E-15
10.19	0.2735E-15
10.44	0.2976E-15
10.71	0.3234E-15
10.99	0.3509E-15
11.27	0.3793E-15
11.57	0.4099E-15
11.88	0.4421E-15
12.19	0.4756E-15
12.52	0.5103E-15
12.87	0.5479E-15
13.22	0.5864E-15
13.60	0.6271E-15
13.99	0.6693E-15
14.39	0.7137E-15
14.81	0.7595E-15
15.23	0.8063E-15
15.69	0.8562E-15
16.17	0.9081E-15
16.67	0.9618E-15
17.17	0.1016E-14
17.71	0.1074E-14
18.27	0.1132E-14
18.84	0.1192E-14
19.43	0.1254E-14
20.05	0.1317E-14
20.71	0.1383E-14
21.39	0.1451E-14


C19   H2    Excitation    15.20 eV                              
Energy (eV)	Rate coefficient (m3/s)
0.3845E-01	0.000
0.3855E-01	0.000
0.3921E-01	0.000
0.4156E-01	0.000
0.4748E-01	0.000
0.5997E-01	0.000
0.8408E-01	0.000
0.1259	0.000
0.1865	0.000
0.2601	0.000
0.3415	0.000
0.4288	0.000
0.5223	0.000
0.6230	0.000
0.7338	0.000
0.8597	0.3314E-27
1.010	0.3124E-25
1.196	0.8445E-24
1.429	0.1145E-22
1.709	0.9264E-22
2.021	0.4609E-21
2.345	0.2089E-20
2.661	0.6726E-20
2.957	0.1802E-19
3.230	0.4214E-19
3.479	0.8822E-19
3.706	0.1691E-18
3.915	0.3016E-18
4.109	0.5069E-18
4.291	0.8113E-18
4.463	0.1245E-17
4.627	0.1842E-17
4.785	0.2642E-17
4.938	0.3691E-17
5.088	0.5037E-17
5.235	0.6730E-17
5.380	0.8827E-17
5.524	0.1139E-16
5.667	0.1448E-16
5.811	0.1816E-16
5.955	0.2252E-16
6.100	0.2761E-16
6.247	0.3351E-16
6.395	0.4029E-16
6.545	0.4804E-16
6.698	0.5687E-16
6.853	0.6679E-16
7.011	0.7794E-16
7.173	0.9042E-16
7.338	0.1042E-15
7.507	0.1196E-15
7.679	0.1364E-15
7.858	0.1550E-15
8.038	0.1752E-15
8.226	0.1973E-15
8.418	0.2213E-15
8.615	0.2472E-15
8.817	0.2751E-15
9.030	0.3056E-15
9.246	0.3379E-15
9.472	0.3740E-15
9.699	0.4099E-15
9.942	0.4510E-15
10.19	0.4938E-15
10.44	0.5386E-15
10.71	0.5864E-15
10.99	0.6375E-15
11.27	0.6903E-15
11.57	0.7471E-15
11.88	0.8072E-15
12.19	0.8695E-15
12.52	0.9342E-15
12.87	0.1004E-14
13.22	0.1076E-14
13.60	0.1151E-14
13.99	0.1230E-14
14.39	0.1313E-14
14.81	0.1398E-14
15.23	0.1484E-14
15.69	0.1577E-14
16.17	0.1673E-14
16.67	0.1772E-14
17.17	0.1873E-14
17.71	0.1978E-14
18.27	0.2086E-14
18.84	0.2195E-14
19.43	0.2309E-14
20.05	0.2425E-14
20.71	0.2545E-14
21.39	0.2668E-14


C20   H2    Ionization    15.40 eV                              
Energy (eV)	Rate coefficient (m3/s)
0.3845E-01	0.000
0.3855E-01	0.000
0.3921E-01	0.000
0.4156E-01	0.000
0.4748E-01	0.000
0.5997E-01	0.000
0.8408E-01	0.000
0.1259	0.000
0.1865	0.000
0.2601	0.000
0.3415	0.000
0.4288	0.000
0.5223	0.000
0.6230	0.000
0.7338	0.000
0.8597	0.9628E-26
1.010	0.5421E-24
1.196	0.1207E-22
1.429	0.1421E-21
1.709	0.1026E-20
2.021	0.4826E-20
2.345	0.1912E-19
2.661	0.5712E-19
2.957	0.1434E-18
3.230	0.3162E-18
3.479	0.6283E-18
3.706	0.1150E-17
3.915	0.1967E-17
4.109	0.3184E-17
4.291	0.4926E-17
4.463	0.7327E-17
4.627	0.1055E-16
4.785	0.1474E-16
4.938	0.2012E-16
5.088	0.2686E-16
5.235	0.3519E-16
5.380	0.4530E-16
5.524	0.5747E-16
5.667	0.7192E-16
5.811	0.8887E-16
5.955	0.1086E-15
6.100	0.1315E-15
6.247	0.1576E-15
6.395	0.1874E-15
6.545	0.2211E-15
6.698	0.2591E-15
6.853	0.3014E-15
7.011	0.3486E-15
7.173	0.4011E-15
7.338	0.4588E-15
7.507	0.5223E-15
7.679	0.5916E-15
7.858	0.6680E-15
8.038	0.7503E-15
8.226	0.8403E-15
8.418	0.9374E-15
8.615	0.1042E-14
8.817	0.1154E-14
9.030	0.1276E-14
9.246	0.1406E-14
9.472	0.1549E-14
9.699	0.1693E-14
9.942	0.1856E-14
10.19	0.2026E-14
10.44	0.2204E-14
10.71	0.2393E-14
10.99	0.2596E-14
11.27	0.2805E-14
11.57	0.3030E-14
11.88	0.3268E-14
12.19	0.3515E-14
12.52	0.3771E-14
12.87	0.4048E-14
13.22	0.4332E-14
13.60	0.4633E-14
13.99	0.4945E-14
14.39	0.5274E-14
14.81	0.5612E-14
15.23	0.5959E-14
15.69	0.6328E-14
16.17	0.6712E-14
16.67	0.7110E-14
17.17	0.7514E-14
17.71	0.7940E-14
18.27	0.8375E-14
18.84	0.8817E-14
19.43	0.9276E-14
20.05	0.9747E-14
20.71	0.1024E-13
21.39	0.1074E-13


C21   H2    Excitation    16.60 eV                              
Energy (eV)	Rate coefficient (m3/s)
0.3845E-01	0.000
0.3855E-01	0.000
0.3921E-01	0.000
0.4156E-01	0.000
0.4748E-01	0.000
0.5997E-01	0.000
0.8408E-01	0.000
0.1259	0.000
0.1865	0.000
0.2601	0.000
0.3415	0.000
0.4288	0.000
0.5223	0.000
0.6230	0.000
0.7338	0.000
0.8597	0.5700E-29
1.010	0.1796E-26
1.196	0.5925E-25
1.429	0.8942E-24
1.709	0.7830E-23
2.021	0.4036E-22
2.345	0.1957E-21
2.661	0.6512E-21
2.957	0.1785E-20
3.230	0.4234E-20
3.479	0.8933E-20
3.706	0.1716E-19
3.915	0.3055E-19
4.109	0.5103E-19
4.291	0.8093E-19
4.463	0.1227E-18
4.627	0.1791E-18
4.785	0.2530E-18
4.938	0.3474E-18
5.088	0.4655E-18
5.235	0.6103E-18
5.380	0.7846E-18
5.524	0.9921E-18
5.667	0.1235E-17
5.811	0.1517E-17
5.955	0.1840E-17
6.100	0.2209E-17
6.247	0.2623E-17
6.395	0.3087E-17
6.545	0.3603E-17
6.698	0.4175E-17
6.853	0.4801E-17
7.011	0.5487E-17
7.173	0.6236E-17
7.338	0.7046E-17
7.507	0.7923E-17
7.679	0.8862E-17
7.858	0.9882E-17
8.038	0.1096E-16
8.226	0.1213E-16
8.418	0.1336E-16
8.615	0.1467E-16
8.817	0.1605E-16
9.030	0.1754E-16
9.246	0.1909E-16
9.472	0.2079E-16
9.699	0.2247E-16
9.942	0.2435E-16
10.19	0.2629E-16
10.44	0.2829E-16
10.71	0.3041E-16
10.99	0.3265E-16
11.27	0.3494E-16
11.57	0.3737E-16
11.88	0.3994E-16
12.19	0.4256E-16
12.52	0.4527E-16
12.87	0.4818E-16
13.22	0.5114E-16
13.60	0.5425E-16
13.99	0.5746E-16
14.39	0.6081E-16
14.81	0.6425E-16
15.23	0.6773E-16
15.69	0.7145E-16
16.17	0.7529E-16
16.67	0.7924E-16
17.17	0.8324E-16
17.71	0.8743E-16
18.27	0.9169E-16
18.84	0.9600E-16
19.43	0.1005E-15
20.05	0.1050E-15
20.71	0.1097E-15
21.39	0.1146E-15


H                                                               
Energy (eV)	Inelastic energy loss coefficient (eV m3/s)
0.3845E-01	0.000
0.3855E-01	0.000
0.3921E-01	0.000
0.4156E-01	0.000
0.4748E-01	0.000
0.5997E-01	0.000
0.8408E-01	0.000
0.1259	0.000
0.1865	0.000
0.2601	0.000
0.3415	0.000
0.4288	0.000
0.5223	0.000
0.6230	0.5126E-22
0.7338	0.3979E-20
0.8597	0.9405E-19
1.010	0.1070E-17
1.196	0.6976E-17
1.429	0.2963E-16
1.709	0.9028E-16
2.021	0.2136E-15
2.345	0.4178E-15
2.661	0.7102E-15
2.957	0.1089E-14
3.230	0.1548E-14
3.479	0.2081E-14
3.706	0.2681E-14
3.915	0.3345E-14
4.109	0.4070E-14
4.291	0.4857E-14
4.463	0.5703E-14
4.627	0.6609E-14
4.785	0.7575E-14
4.938	0.8604E-14
5.088	0.9701E-14
5.235	0.1087E-13
5.380	0.1209E-13
5.524	0.1339E-13
5.667	0.1477E-13
5.811	0.1621E-13
5.955	0.1774E-13
6.100	0.1935E-13
6.247	0.2102E-13
6.395	0.2280E-13
6.545	0.2465E-13
6.698	0.2660E-13
6.853	0.2863E-13
7.011	0.3077E-13
7.173	0.3300E-13
7.338	0.3533E-13
7.507	0.3777E-13
7.679	0.4028E-13
7.858	0.4295E-13
8.038	0.4568E-13
8.226	0.4857E-13
8.418	0.5155E-13
8.615	0.5465E-13
8.817	0.5784E-13
9.030	0.6123E-13
9.246	0.6470E-13
9.472	0.6837E-13
9.699	0.7204E-13
9.942	0.7598E-13
10.19	0.8004E-13
10.44	0.8415E-13
10.71	0.8848E-13
10.99	0.9298E-13
11.27	0.9749E-13
11.57	0.1023E-12
11.88	0.1073E-12
12.19	0.1123E-12
12.52	0.1174E-12
12.87	0.1228E-12
13.22	0.1283E-12
13.60	0.1340E-12
13.99	0.1399E-12
14.39	0.1459E-12
14.81	0.1521E-12
15.23	0.1582E-12
15.69	0.1648E-12
16.17	0.1714E-12
16.67	0.1783E-12
17.17	0.1851E-12
17.71	0.1922E-12
18.27	0.1994E-12
18.84	0.2066E-12
19.43	0.2140E-12
20.05	0.2215E-12
20.71	0.2293E-12
21.39	0.2372E-12


H2                                                              
Energy (eV)	Inelastic energy loss coefficient (eV m3/s)
0.3845E-01	0.6879E-18
0.3855E-01	0.6927E-18
0.3921E-01	0.7269E-18
0.4156E-01	0.8531E-18
0.4748E-01	0.1197E-17
0.5997E-01	0.2016E-17
0.8408E-01	0.3856E-17
0.1259	0.7860E-17
0.1865	0.1602E-16
0.2601	0.3105E-16
0.3415	0.5626E-16
0.4288	0.9559E-16
0.5223	0.1536E-15
0.6230	0.2352E-15
0.7338	0.3459E-15
0.8597	0.4912E-15
1.010	0.6759E-15
1.196	0.9040E-15
1.429	0.1177E-14
1.709	0.1494E-14
2.021	0.1855E-14
2.345	0.2263E-14
2.661	0.2720E-14
2.957	0.3233E-14
3.230	0.3808E-14
3.479	0.4451E-14
3.706	0.5170E-14
3.915	0.5969E-14
4.109	0.6855E-14
4.291	0.7835E-14
4.463	0.8913E-14
4.627	0.1010E-13
4.785	0.1138E-13
4.938	0.1279E-13
5.088	0.1432E-13
5.235	0.1597E-13
5.380	0.1775E-13
5.524	0.1968E-13
5.667	0.2174E-13
5.811	0.2395E-13
5.955	0.2632E-13
6.100	0.2886E-13
6.247	0.3154E-13
6.395	0.3441E-13
6.545	0.3745E-13
6.698	0.4068E-13
6.853	0.4408E-13
7.011	0.4770E-13
7.173	0.5152E-13
7.338	0.5554E-13
7.507	0.5977E-13
7.679	0.6419E-13
7.858	0.6891E-13
8.038	0.7378E-13
8.226	0.7897E-13
8.418	0.8435E-13
8.615	0.8998E-13
8.817	0.9583E-13
9.030	0.1021E-12
9.246	0.1085E-12
9.472	0.1153E-12
9.699	0.1222E-12
9.942	0.1296E-12
10.19	0.1373E-12
10.44	0.1451E-12
10.71	0.1533E-12
10.99	0.1619E-12
11.27	0.1705E-12
11.57	0.1798E-12
11.88	0.1894E-12
12.19	0.1991E-12
12.52	0.2090E-12
12.87	0.2197E-12
13.22	0.2304E-12
13.60	0.2416E-12
13.99	0.2532E-12
14.39	0.2651E-12
14.81	0.2773E-12
15.23	0.2895E-12
15.69	0.3025E-12
16.17	0.3159E-12
16.67	0.3295E-12
17.17	0.3432E-12
17.71	0.3576E-12
18.27	0.3721E-12
18.84	0.3867E-12
19.43	0.4017E-12
20.05	0.4170E-12
20.71	0.4328E-12
21.39	0.4489E-12


