Angular field frequency / N (m3/s)        0.5000E-12
Gas temperature (K)                        1000.    
Ionization degree                          0.000    
Electron density (1/m3)                   0.1000E+19
Wave number / N (m2)                       0.000    
Longitudinal diffusion                     0.000    
Energy sharing                             1.000    
Growth model                               1.000    
Maxwellian mean energy (eV)                0.000    
# of grid points                           100.0    
Grid type                                  3.000    
Precision                                 0.1000E-09
Convergence                               0.1000E-03
Maximum # of iterations                    100.0    
Mole fraction H                           0.5000E-01
Mole fraction H2                          0.9500    


E/N (Td)    	Electric field / N (Td)                                         
0.5000	0.5000
1.005	1.005
2.520	2.520
5.044	5.044
8.579	8.579
13.12	13.12
18.68	18.68
25.24	25.24
32.82	32.82
41.40	41.40
50.99	50.99
61.60	61.60
73.21	73.21
85.83	85.83
99.47	99.47
114.1	114.1
129.8	129.8
146.4	146.4
164.1	164.1
182.8	182.8
202.5	202.5
223.2	223.2
244.9	244.9
267.6	267.6
291.3	291.3
316.1	316.1
341.8	341.8
368.6	368.6
396.4	396.4
425.1	425.1
454.9	454.9
485.7	485.7
517.5	517.5
550.4	550.4
584.2	584.2
619.0	619.0
654.9	654.9
691.7	691.7
729.6	729.6
768.5	768.5
808.4	808.4
849.3	849.3
891.2	891.2
934.1	934.1
978.0	978.0
1023.	1023.
1069.	1069.
1116.	1116.
1164.	1164.
1213.	1213.
1263.	1263.
1314.	1314.
1366.	1366.
1419.	1419.
1473.	1473.
1528.	1528.
1584.	1584.
1641.	1641.
1699.	1699.
1758.	1758.
1818.	1818.
1879.	1879.
1941.	1941.
2005.	2005.
2069.	2069.
2134.	2134.
2200.	2200.
2267.	2267.
2335.	2335.
2404.	2404.
2475.	2475.
2546.	2546.
2618.	2618.
2691.	2691.
2765.	2765.
2841.	2841.
2917.	2917.
2994.	2994.
3072.	3072.
3152.	3152.
3232.	3232.
3313.	3313.
3396.	3396.
3479.	3479.
3563.	3563.
3649.	3649.
3735.	3735.
3822.	3822.
3911.	3911.
4000.	4000.


E/N (Td)    	Maximum energy                                                  
0.5000	0.7858
1.005	0.7902
2.520	0.8175
5.044	0.8977
8.579	1.117
13.12	1.407
18.68	1.795
25.24	2.258
32.82	2.799
41.40	3.431
50.99	5.444
61.60	6.625
73.21	8.462
85.83	10.66
99.47	14.20
114.1	17.70
129.8	20.19
146.4	22.12
164.1	23.62
182.8	24.14
202.5	29.12
223.2	29.18
244.9	33.71
267.6	28.44
291.3	31.15
316.1	33.64
341.8	36.80
368.6	40.06
396.4	43.33
425.1	46.90
454.9	50.86
485.7	55.30
517.5	60.32
550.4	66.03
584.2	72.52
619.0	75.12
654.9	82.93
691.7	91.75
729.6	95.48
768.5	106.0
808.4	110.6
849.3	115.3
891.2	128.5
934.1	133.8
978.0	149.3
1023.	155.8
1069.	162.5
1116.	181.9
1164.	190.0
1213.	198.5
1263.	207.2
1314.	232.9
1366.	243.4
1419.	254.3
1473.	265.7
1528.	277.5
1584.	312.9
1641.	327.0
1699.	341.8
1758.	357.1
1818.	373.0
1879.	389.5
1941.	440.3
2005.	460.1
2069.	480.7
2134.	502.0
2200.	524.3
2267.	547.4
2335.	571.4
2404.	596.3
2475.	622.0
2546.	647.8
2618.	733.7
2691.	763.8
2765.	794.9
2841.	827.1
2917.	860.4
2994.	894.8
3072.	930.4
3152.	967.0
3232.	1005.
3313.	1044.
3396.	1085.
3479.	1231.
3563.	1279.
3649.	1329.
3735.	1380.
3822.	1433.
3911.	1487.
4000.	1543.


E/N (Td)	Mean energy (eV)
0.5000	0.3845E-01
1.005	0.3855E-01
2.520	0.3921E-01
5.044	0.4156E-01
8.579	0.4748E-01
13.12	0.5997E-01
18.68	0.8408E-01
25.24	0.1259
32.82	0.1865
41.40	0.2601
50.99	0.3415
61.60	0.4288
73.21	0.5223
85.83	0.6230
99.47	0.7338
114.1	0.8597
129.8	1.010
146.4	1.196
164.1	1.429
182.8	1.709
202.5	2.021
223.2	2.345
244.9	2.661
267.6	2.957
291.3	3.230
316.1	3.479
341.8	3.706
368.6	3.915
396.4	4.109
425.1	4.291
454.9	4.463
485.7	4.627
517.5	4.785
550.4	4.938
584.2	5.088
619.0	5.235
654.9	5.380
691.7	5.524
729.6	5.667
768.5	5.811
808.4	5.955
849.3	6.100
891.2	6.247
934.1	6.395
978.0	6.545
1023.	6.698
1069.	6.853
1116.	7.011
1164.	7.173
1213.	7.338
1263.	7.507
1314.	7.679
1366.	7.858
1419.	8.038
1473.	8.226
1528.	8.418
1584.	8.615
1641.	8.817
1699.	9.030
1758.	9.246
1818.	9.472
1879.	9.699
1941.	9.942
2005.	10.19
2069.	10.44
2134.	10.71
2200.	10.99
2267.	11.27
2335.	11.57
2404.	11.88
2475.	12.19
2546.	12.52
2618.	12.87
2691.	13.22
2765.	13.60
2841.	13.99
2917.	14.39
2994.	14.81
3072.	15.23
3152.	15.69
3232.	16.17
3313.	16.67
3396.	17.17
3479.	17.71
3563.	18.27
3649.	18.84
3735.	19.43
3822.	20.05
3911.	20.71
4000.	21.39


E/N (Td)	Mobility x N (1/m/V/s)
0.5000	0.1127E+23
1.005	0.1129E+23
2.520	0.1141E+23
5.044	0.1184E+23
8.579	0.1286E+23
13.12	0.1487E+23
18.68	0.1840E+23
25.24	0.2389E+23
32.82	0.3105E+23
41.40	0.3886E+23
50.99	0.4658E+23
61.60	0.5390E+23
73.21	0.6075E+23
85.83	0.6707E+23
99.47	0.7286E+23
114.1	0.7810E+23
129.8	0.8275E+23
146.4	0.8673E+23
164.1	0.8988E+23
182.8	0.9209E+23
202.5	0.9334E+23
223.2	0.9381E+23
244.9	0.9370E+23
267.6	0.9322E+23
291.3	0.9255E+23
316.1	0.9177E+23
341.8	0.9096E+23
368.6	0.9016E+23
396.4	0.8938E+23
425.1	0.8865E+23
454.9	0.8794E+23
485.7	0.8727E+23
517.5	0.8662E+23
550.4	0.8600E+23
584.2	0.8543E+23
619.0	0.8490E+23
654.9	0.8435E+23
691.7	0.8386E+23
729.6	0.8339E+23
768.5	0.8291E+23
808.4	0.8248E+23
849.3	0.8209E+23
891.2	0.8167E+23
934.1	0.8130E+23
978.0	0.8092E+23
1023.	0.8060E+23
1069.	0.8024E+23
1116.	0.7995E+23
1164.	0.7966E+23
1213.	0.7939E+23
1263.	0.7913E+23
1314.	0.7885E+23
1366.	0.7867E+23
1419.	0.7842E+23
1473.	0.7826E+23
1528.	0.7809E+23
1584.	0.7791E+23
1641.	0.7772E+23
1699.	0.7767E+23
1758.	0.7753E+23
1818.	0.7756E+23
1879.	0.7737E+23
1941.	0.7742E+23
2005.	0.7743E+23
2069.	0.7738E+23
2134.	0.7740E+23
2200.	0.7745E+23
2267.	0.7743E+23
2335.	0.7753E+23
2404.	0.7766E+23
2475.	0.7773E+23
2546.	0.7777E+23
2618.	0.7799E+23
2691.	0.7812E+23
2765.	0.7832E+23
2841.	0.7853E+23
2917.	0.7879E+23
2994.	0.7901E+23
3072.	0.7916E+23
3152.	0.7948E+23
3232.	0.7983E+23
3313.	0.8019E+23
3396.	0.8048E+23
3479.	0.8086E+23
3563.	0.8123E+23
3649.	0.8156E+23
3735.	0.8194E+23
3822.	0.8232E+23
3911.	0.8279E+23
4000.	0.8327E+23


E/N (Td)	Diffusion coefficient x N (1/m/s)
0.5000	0.2926E+21
1.005	0.2938E+21
2.520	0.3026E+21
5.044	0.3346E+21
8.579	0.4215E+21
13.12	0.6313E+21
18.68	0.1123E+22
25.24	0.2188E+22
32.82	0.4098E+22
41.40	0.6906E+22
50.99	0.1056E+23
61.60	0.1504E+23
73.21	0.2037E+23
85.83	0.2663E+23
99.47	0.3400E+23
114.1	0.4280E+23
129.8	0.5360E+23
146.4	0.6712E+23
164.1	0.8382E+23
182.8	0.1033E+24
202.5	0.1245E+24
223.2	0.1457E+24
244.9	0.1659E+24
267.6	0.1842E+24
291.3	0.2006E+24
316.1	0.2152E+24
341.8	0.2281E+24
368.6	0.2398E+24
396.4	0.2503E+24
425.1	0.2600E+24
454.9	0.2690E+24
485.7	0.2774E+24
517.5	0.2852E+24
550.4	0.2928E+24
584.2	0.3000E+24
619.0	0.3071E+24
654.9	0.3139E+24
691.7	0.3207E+24
729.6	0.3273E+24
768.5	0.3339E+24
808.4	0.3405E+24
849.3	0.3472E+24
891.2	0.3537E+24
934.1	0.3604E+24
978.0	0.3671E+24
1023.	0.3740E+24
1069.	0.3808E+24
1116.	0.3881E+24
1164.	0.3954E+24
1213.	0.4029E+24
1263.	0.4105E+24
1314.	0.4182E+24
1366.	0.4266E+24
1419.	0.4347E+24
1473.	0.4436E+24
1528.	0.4526E+24
1584.	0.4618E+24
1641.	0.4711E+24
1699.	0.4817E+24
1758.	0.4920E+24
1818.	0.5044E+24
1879.	0.5142E+24
1941.	0.5277E+24
2005.	0.5406E+24
2069.	0.5533E+24
2134.	0.5671E+24
2200.	0.5817E+24
2267.	0.5960E+24
2335.	0.6123E+24
2404.	0.6293E+24
2475.	0.6464E+24
2546.	0.6636E+24
2618.	0.6841E+24
2691.	0.7038E+24
2765.	0.7253E+24
2841.	0.7479E+24
2917.	0.7718E+24
2994.	0.7962E+24
3072.	0.8208E+24
3152.	0.8488E+24
3232.	0.8782E+24
3313.	0.9092E+24
3396.	0.9403E+24
3479.	0.9751E+24
3563.	0.1010E+25
3649.	0.1046E+25
3735.	0.1084E+25
3822.	0.1125E+25
3911.	0.1168E+25
4000.	0.1213E+25


E/N (Td)	Longitudinal dif. coef. x N (1/m/s)
0.5000	0.000
1.005	0.000
2.520	0.000
5.044	0.000
8.579	0.000
13.12	0.000
18.68	0.000
25.24	0.000
32.82	0.000
41.40	0.000
50.99	0.000
61.60	0.000
73.21	0.000
85.83	0.000
99.47	0.000
114.1	0.000
129.8	0.000
146.4	0.000
164.1	0.000
182.8	0.000
202.5	0.000
223.2	0.000
244.9	0.000
267.6	0.000
291.3	0.000
316.1	0.000
341.8	0.000
368.6	0.000
396.4	0.000
425.1	0.000
454.9	0.000
485.7	0.000
517.5	0.000
550.4	0.000
584.2	0.000
619.0	0.000
654.9	0.000
691.7	0.000
729.6	0.000
768.5	0.000
808.4	0.000
849.3	0.000
891.2	0.000
934.1	0.000
978.0	0.000
1023.	0.000
1069.	0.000
1116.	0.000
1164.	0.000
1213.	0.000
1263.	0.000
1314.	0.000
1366.	0.000
1419.	0.000
1473.	0.000
1528.	0.000
1584.	0.000
1641.	0.000
1699.	0.000
1758.	0.000
1818.	0.000
1879.	0.000
1941.	0.000
2005.	0.000
2069.	0.000
2134.	0.000
2200.	0.000
2267.	0.000
2335.	0.000
2404.	0.000
2475.	0.000
2546.	0.000
2618.	0.000
2691.	0.000
2765.	0.000
2841.	0.000
2917.	0.000
2994.	0.000
3072.	0.000
3152.	0.000
3232.	0.000
3313.	0.000
3396.	0.000
3479.	0.000
3563.	0.000
3649.	0.000
3735.	0.000
3822.	0.000
3911.	0.000
4000.	0.000


E/N (Td)	Energy mobility x N (1/m/V/s)
0.5000	0.2386E+23
1.005	0.2391E+23
2.520	0.2420E+23
5.044	0.2526E+23
8.579	0.2785E+23
13.12	0.3306E+23
18.68	0.4202E+23
25.24	0.5480E+23
32.82	0.6936E+23
41.40	0.8361E+23
50.99	0.9682E+23
61.60	0.1089E+24
73.21	0.1198E+24
85.83	0.1297E+24
99.47	0.1384E+24
114.1	0.1461E+24
129.8	0.1525E+24
146.4	0.1570E+24
164.1	0.1593E+24
182.8	0.1594E+24
202.5	0.1579E+24
223.2	0.1556E+24
244.9	0.1531E+24
267.6	0.1506E+24
291.3	0.1482E+24
316.1	0.1461E+24
341.8	0.1442E+24
368.6	0.1425E+24
396.4	0.1410E+24
425.1	0.1396E+24
454.9	0.1383E+24
485.7	0.1371E+24
517.5	0.1360E+24
550.4	0.1350E+24
584.2	0.1340E+24
619.0	0.1332E+24
654.9	0.1323E+24
691.7	0.1315E+24
729.6	0.1308E+24
768.5	0.1301E+24
808.4	0.1295E+24
849.3	0.1289E+24
891.2	0.1284E+24
934.1	0.1279E+24
978.0	0.1274E+24
1023.	0.1270E+24
1069.	0.1265E+24
1116.	0.1262E+24
1164.	0.1259E+24
1213.	0.1256E+24
1263.	0.1254E+24
1314.	0.1251E+24
1366.	0.1250E+24
1419.	0.1248E+24
1473.	0.1248E+24
1528.	0.1247E+24
1584.	0.1247E+24
1641.	0.1246E+24
1699.	0.1248E+24
1758.	0.1248E+24
1818.	0.1253E+24
1879.	0.1251E+24
1941.	0.1257E+24
2005.	0.1260E+24
2069.	0.1262E+24
2134.	0.1265E+24
2200.	0.1269E+24
2267.	0.1273E+24
2335.	0.1277E+24
2404.	0.1282E+24
2475.	0.1287E+24
2546.	0.1292E+24
2618.	0.1299E+24
2691.	0.1305E+24
2765.	0.1312E+24
2841.	0.1318E+24
2917.	0.1326E+24
2994.	0.1333E+24
3072.	0.1340E+24
3152.	0.1348E+24
3232.	0.1357E+24
3313.	0.1366E+24
3396.	0.1374E+24
3479.	0.1384E+24
3563.	0.1393E+24
3649.	0.1402E+24
3735.	0.1411E+24
3822.	0.1421E+24
3911.	0.1430E+24
4000.	0.1441E+24


E/N (Td)	Energy diffusion coef. x N (1/m/s)
0.5000	0.6343E+21
1.005	0.6374E+21
2.520	0.6593E+21
5.044	0.7405E+21
8.579	0.9666E+21
13.12	0.1527E+22
18.68	0.2825E+22
25.24	0.5383E+22
32.82	0.9386E+22
41.40	0.1467E+23
50.99	0.2111E+23
61.60	0.2870E+23
73.21	0.3754E+23
85.83	0.4789E+23
99.47	0.6029E+23
114.1	0.7583E+23
129.8	0.9619E+23
146.4	0.1229E+24
164.1	0.1553E+24
182.8	0.1903E+24
202.5	0.2239E+24
223.2	0.2535E+24
244.9	0.2786E+24
267.6	0.2995E+24
291.3	0.3170E+24
316.1	0.3319E+24
341.8	0.3448E+24
368.6	0.3564E+24
396.4	0.3668E+24
425.1	0.3765E+24
454.9	0.3856E+24
485.7	0.3943E+24
517.5	0.4026E+24
550.4	0.4108E+24
584.2	0.4189E+24
619.0	0.4271E+24
654.9	0.4351E+24
691.7	0.4433E+24
729.6	0.4517E+24
768.5	0.4600E+24
808.4	0.4687E+24
849.3	0.4778E+24
891.2	0.4868E+24
934.1	0.4964E+24
978.0	0.5061E+24
1023.	0.5164E+24
1069.	0.5268E+24
1116.	0.5380E+24
1164.	0.5497E+24
1213.	0.5617E+24
1263.	0.5744E+24
1314.	0.5874E+24
1366.	0.6017E+24
1419.	0.6161E+24
1473.	0.6318E+24
1528.	0.6480E+24
1584.	0.6651E+24
1641.	0.6827E+24
1699.	0.7024E+24
1758.	0.7223E+24
1818.	0.7473E+24
1879.	0.7662E+24
1941.	0.7943E+24
2005.	0.8204E+24
2069.	0.8470E+24
2134.	0.8758E+24
2200.	0.9067E+24
2267.	0.9381E+24
2335.	0.9729E+24
2404.	0.1010E+25
2475.	0.1048E+25
2546.	0.1088E+25
2618.	0.1133E+25
2691.	0.1178E+25
2765.	0.1227E+25
2841.	0.1279E+25
2917.	0.1334E+25
2994.	0.1392E+25
3072.	0.1452E+25
3152.	0.1517E+25
3232.	0.1586E+25
3313.	0.1659E+25
3396.	0.1734E+25
3479.	0.1816E+25
3563.	0.1901E+25
3649.	0.1989E+25
3735.	0.2083E+25
3822.	0.2180E+25
3911.	0.2284E+25
4000.	0.2392E+25


E/N (Td)	Imaginary mobility x N (1/m/V/s)
0.5000	-0.3514E+24
1.005	-0.3514E+24
2.520	-0.3514E+24
5.044	-0.3513E+24
8.579	-0.3513E+24
13.12	-0.3510E+24
18.68	-0.3506E+24
25.24	-0.3497E+24
32.82	-0.3483E+24
41.40	-0.3465E+24
50.99	-0.3443E+24
61.60	-0.3419E+24
73.21	-0.3394E+24
85.83	-0.3368E+24
99.47	-0.3343E+24
114.1	-0.3318E+24
129.8	-0.3295E+24
146.4	-0.3275E+24
164.1	-0.3258E+24
182.8	-0.3247E+24
202.5	-0.3240E+24
223.2	-0.3238E+24
244.9	-0.3240E+24
267.6	-0.3243E+24
291.3	-0.3247E+24
316.1	-0.3252E+24
341.8	-0.3257E+24
368.6	-0.3261E+24
396.4	-0.3266E+24
425.1	-0.3270E+24
454.9	-0.3274E+24
485.7	-0.3278E+24
517.5	-0.3282E+24
550.4	-0.3285E+24
584.2	-0.3288E+24
619.0	-0.3291E+24
654.9	-0.3294E+24
691.7	-0.3297E+24
729.6	-0.3300E+24
768.5	-0.3302E+24
808.4	-0.3304E+24
849.3	-0.3307E+24
891.2	-0.3309E+24
934.1	-0.3311E+24
978.0	-0.3313E+24
1023.	-0.3315E+24
1069.	-0.3317E+24
1116.	-0.3318E+24
1164.	-0.3320E+24
1213.	-0.3321E+24
1263.	-0.3322E+24
1314.	-0.3324E+24
1366.	-0.3325E+24
1419.	-0.3326E+24
1473.	-0.3327E+24
1528.	-0.3328E+24
1584.	-0.3329E+24
1641.	-0.3330E+24
1699.	-0.3330E+24
1758.	-0.3331E+24
1818.	-0.3337E+24
1879.	-0.3332E+24
1941.	-0.3338E+24
2005.	-0.3338E+24
2069.	-0.3339E+24
2134.	-0.3339E+24
2200.	-0.3339E+24
2267.	-0.3339E+24
2335.	-0.3339E+24
2404.	-0.3338E+24
2475.	-0.3338E+24
2546.	-0.3338E+24
2618.	-0.3337E+24
2691.	-0.3337E+24
2765.	-0.3336E+24
2841.	-0.3335E+24
2917.	-0.3334E+24
2994.	-0.3333E+24
3072.	-0.3332E+24
3152.	-0.3331E+24
3232.	-0.3329E+24
3313.	-0.3328E+24
3396.	-0.3326E+24
3479.	-0.3325E+24
3563.	-0.3323E+24
3649.	-0.3321E+24
3735.	-0.3320E+24
3822.	-0.3318E+24
3911.	-0.3315E+24
4000.	-0.3313E+24


E/N (Td)	Total collision freq. / N (m3/s)
0.5000	0.1130E-13
1.005	0.1132E-13
2.520	0.1144E-13
5.044	0.1186E-13
8.579	0.1288E-13
13.12	0.1489E-13
18.68	0.1843E-13
25.24	0.2396E-13
32.82	0.3122E-13
41.40	0.3931E-13
50.99	0.4759E-13
61.60	0.5585E-13
73.21	0.6406E-13
85.83	0.7223E-13
99.47	0.8040E-13
114.1	0.8864E-13
129.8	0.9700E-13
146.4	0.1055E-12
164.1	0.1138E-12
182.8	0.1217E-12
202.5	0.1287E-12
223.2	0.1345E-12
244.9	0.1391E-12
267.6	0.1426E-12
291.3	0.1453E-12
316.1	0.1474E-12
341.8	0.1489E-12
368.6	0.1501E-12
396.4	0.1510E-12
425.1	0.1516E-12
454.9	0.1521E-12
485.7	0.1525E-12
517.5	0.1528E-12
550.4	0.1531E-12
584.2	0.1532E-12
619.0	0.1533E-12
654.9	0.1534E-12
691.7	0.1534E-12
729.6	0.1534E-12
768.5	0.1534E-12
808.4	0.1534E-12
849.3	0.1534E-12
891.2	0.1533E-12
934.1	0.1533E-12
978.0	0.1532E-12
1023.	0.1532E-12
1069.	0.1531E-12
1116.	0.1530E-12
1164.	0.1530E-12
1213.	0.1529E-12
1263.	0.1529E-12
1314.	0.1529E-12
1366.	0.1528E-12
1419.	0.1528E-12
1473.	0.1528E-12
1528.	0.1528E-12
1584.	0.1528E-12
1641.	0.1529E-12
1699.	0.1529E-12
1758.	0.1530E-12
1818.	0.1531E-12
1879.	0.1531E-12
1941.	0.1533E-12
2005.	0.1534E-12
2069.	0.1536E-12
2134.	0.1538E-12
2200.	0.1540E-12
2267.	0.1542E-12
2335.	0.1544E-12
2404.	0.1547E-12
2475.	0.1550E-12
2546.	0.1554E-12
2618.	0.1557E-12
2691.	0.1561E-12
2765.	0.1565E-12
2841.	0.1570E-12
2917.	0.1575E-12
2994.	0.1580E-12
3072.	0.1585E-12
3152.	0.1591E-12
3232.	0.1597E-12
3313.	0.1603E-12
3396.	0.1610E-12
3479.	0.1617E-12
3563.	0.1624E-12
3649.	0.1632E-12
3735.	0.1640E-12
3822.	0.1648E-12
3911.	0.1656E-12
4000.	0.1665E-12


E/N (Td)	Effect. momentum freq. / N (m3/s)
0.5000	0.1604E-13
1.005	0.1607E-13
2.520	0.1624E-13
5.044	0.1684E-13
8.579	0.1830E-13
13.12	0.2119E-13
18.68	0.2624E-13
25.24	0.3416E-13
32.82	0.4456E-13
41.40	0.5608E-13
50.99	0.6765E-13
61.60	0.7883E-13
73.21	0.8950E-13
85.83	0.9956E-13
99.47	0.1090E-12
114.1	0.1177E-12
129.8	0.1256E-12
146.4	0.1324E-12
164.1	0.1379E-12
182.8	0.1418E-12
202.5	0.1440E-12
223.2	0.1448E-12
244.9	0.1446E-12
267.6	0.1437E-12
291.3	0.1425E-12
316.1	0.1411E-12
341.8	0.1397E-12
368.6	0.1382E-12
396.4	0.1368E-12
425.1	0.1355E-12
454.9	0.1343E-12
485.7	0.1331E-12
517.5	0.1320E-12
550.4	0.1309E-12
584.2	0.1299E-12
619.0	0.1290E-12
654.9	0.1280E-12
691.7	0.1272E-12
729.6	0.1264E-12
768.5	0.1255E-12
808.4	0.1248E-12
849.3	0.1241E-12
891.2	0.1234E-12
934.1	0.1228E-12
978.0	0.1221E-12
1023.	0.1216E-12
1069.	0.1210E-12
1116.	0.1205E-12
1164.	0.1200E-12
1213.	0.1195E-12
1263.	0.1191E-12
1314.	0.1186E-12
1366.	0.1183E-12
1419.	0.1179E-12
1473.	0.1176E-12
1528.	0.1173E-12
1584.	0.1170E-12
1641.	0.1167E-12
1699.	0.1166E-12
1758.	0.1164E-12
1818.	0.1162E-12
1879.	0.1161E-12
1941.	0.1160E-12
2005.	0.1160E-12
2069.	0.1159E-12
2134.	0.1159E-12
2200.	0.1160E-12
2267.	0.1159E-12
2335.	0.1161E-12
2404.	0.1163E-12
2475.	0.1164E-12
2546.	0.1165E-12
2618.	0.1168E-12
2691.	0.1170E-12
2765.	0.1174E-12
2841.	0.1177E-12
2917.	0.1181E-12
2994.	0.1185E-12
3072.	0.1188E-12
3152.	0.1193E-12
3232.	0.1199E-12
3313.	0.1205E-12
3396.	0.1210E-12
3479.	0.1216E-12
3563.	0.1222E-12
3649.	0.1228E-12
3735.	0.1234E-12
3822.	0.1241E-12
3911.	0.1249E-12
4000.	0.1257E-12


E/N (Td)	Effect. mom. transfer fraction
0.5000	0.9999
1.005	0.9999
2.520	0.9999
5.044	0.9999
8.579	0.9999
13.12	0.9997
18.68	0.9994
25.24	0.9989
32.82	0.9981
41.40	0.9973
50.99	0.9966
61.60	0.9961
73.21	0.9957
85.83	0.9955
99.47	0.9954
114.1	0.9955
129.8	0.9958
146.4	0.9962
164.1	0.9968
182.8	0.9973
202.5	0.9976
223.2	0.9979
244.9	0.9980
267.6	0.9981
291.3	0.9980
316.1	0.9980
341.8	0.9980
368.6	0.9980
396.4	0.9979
425.1	0.9979
454.9	0.9979
485.7	0.9979
517.5	0.9979
550.4	0.9979
584.2	0.9979
619.0	0.9979
654.9	0.9979
691.7	0.9979
729.6	0.9979
768.5	0.9979
808.4	0.9979
849.3	0.9979
891.2	0.9979
934.1	0.9980
978.0	0.9979
1023.	0.9980
1069.	0.9980
1116.	0.9980
1164.	0.9980
1213.	0.9981
1263.	0.9981
1314.	0.9981
1366.	0.9981
1419.	0.9981
1473.	0.9982
1528.	0.9982
1584.	0.9982
1641.	0.9982
1699.	0.9982
1758.	0.9983
1818.	0.9998
1879.	0.9983
1941.	1.000
2005.	1.000
2069.	1.000
2134.	1.000
2200.	1.000
2267.	1.000
2335.	1.000
2404.	1.000
2475.	1.000
2546.	1.000
2618.	1.001
2691.	1.001
2765.	1.001
2841.	1.001
2917.	1.001
2994.	1.001
3072.	1.001
3152.	1.001
3232.	1.001
3313.	1.001
3396.	1.001
3479.	1.001
3563.	1.001
3649.	1.001
3735.	1.001
3822.	1.001
3911.	1.001
4000.	1.001


E/N (Td)	Temporal growth coef. (m3/s)
0.5000	0.000
1.005	0.000
2.520	0.000
5.044	0.000
8.579	0.000
13.12	0.000
18.68	0.000
25.24	0.000
32.82	0.000
41.40	0.000
50.99	0.000
61.60	0.000
73.21	0.000
85.83	0.000
99.47	0.2803E-27
114.1	0.4393E-25
129.8	0.1535E-23
146.4	0.2604E-22
164.1	0.2548E-21
182.8	0.1616E-20
202.5	0.7027E-20
223.2	0.2553E-19
244.9	0.7241E-19
267.6	0.1748E-18
291.3	0.3737E-18
316.1	0.7247E-18
341.8	0.1300E-17
368.6	0.2189E-17
396.4	0.3497E-17
425.1	0.5349E-17
454.9	0.7883E-17
485.7	0.1125E-16
517.5	0.1562E-16
550.4	0.2119E-16
584.2	0.2815E-16
619.0	0.3669E-16
654.9	0.4704E-16
691.7	0.5946E-16
729.6	0.7416E-16
768.5	0.9136E-16
808.4	0.1114E-15
849.3	0.1345E-15
891.2	0.1608E-15
934.1	0.1908E-15
978.0	0.2247E-15
1023.	0.2628E-15
1069.	0.3053E-15
1116.	0.3525E-15
1164.	0.4050E-15
1213.	0.4627E-15
1263.	0.5261E-15
1314.	0.5952E-15
1366.	0.6713E-15
1419.	0.7532E-15
1473.	0.8428E-15
1528.	0.9393E-15
1584.	0.1043E-14
1641.	0.1155E-14
1699.	0.1276E-14
1758.	0.1404E-14
1818.	0.1547E-14
1879.	0.1689E-14
1941.	0.1850E-14
2005.	0.2019E-14
2069.	0.2194E-14
2134.	0.2382E-14
2200.	0.2582E-14
2267.	0.2788E-14
2335.	0.3011E-14
2404.	0.3245E-14
2475.	0.3489E-14
2546.	0.3742E-14
2618.	0.4015E-14
2691.	0.4296E-14
2765.	0.4592E-14
2841.	0.4900E-14
2917.	0.5223E-14
2994.	0.5557E-14
3072.	0.5897E-14
3152.	0.6261E-14
3232.	0.6639E-14
3313.	0.7031E-14
3396.	0.7428E-14
3479.	0.7847E-14
3563.	0.8274E-14
3649.	0.8709E-14
3735.	0.9160E-14
3822.	0.9623E-14
3911.	0.1010E-13
4000.	0.1060E-13


E/N (Td)	Spatial growth coef. (m2)
0.5000	0.000
1.005	0.000
2.520	0.000
5.044	0.000
8.579	0.000
13.12	0.000
18.68	0.000
25.24	0.000
32.82	0.000
41.40	0.000
50.99	0.000
61.60	0.000
73.21	0.000
85.83	0.000
99.47	0.3868E-31
114.1	0.4930E-29
129.8	0.1430E-27
146.4	0.2051E-26
164.1	0.1728E-25
182.8	0.9600E-25
202.5	0.3718E-24
223.2	0.1220E-23
244.9	0.3156E-23
267.6	0.7006E-23
291.3	0.1386E-22
316.1	0.2498E-22
341.8	0.4181E-22
368.6	0.6587E-22
396.4	0.9870E-22
425.1	0.1419E-21
454.9	0.1970E-21
485.7	0.2655E-21
517.5	0.3485E-21
550.4	0.4476E-21
584.2	0.5640E-21
619.0	0.6982E-21
654.9	0.8517E-21
691.7	0.1025E-20
729.6	0.1219E-20
768.5	0.1434E-20
808.4	0.1670E-20
849.3	0.1929E-20
891.2	0.2210E-20
934.1	0.2513E-20
978.0	0.2839E-20
1023.	0.3188E-20
1069.	0.3559E-20
1116.	0.3951E-20
1164.	0.4368E-20
1213.	0.4805E-20
1263.	0.5265E-20
1314.	0.5745E-20
1366.	0.6247E-20
1419.	0.6769E-20
1473.	0.7312E-20
1528.	0.7873E-20
1584.	0.8454E-20
1641.	0.9052E-20
1699.	0.9668E-20
1758.	0.1030E-19
1818.	0.1097E-19
1879.	0.1161E-19
1941.	0.1231E-19
2005.	0.1300E-19
2069.	0.1371E-19
2134.	0.1442E-19
2200.	0.1515E-19
2267.	0.1589E-19
2335.	0.1663E-19
2404.	0.1738E-19
2475.	0.1814E-19
2546.	0.1890E-19
2618.	0.1966E-19
2691.	0.2043E-19
2765.	0.2120E-19
2841.	0.2196E-19
2917.	0.2273E-19
2994.	0.2349E-19
3072.	0.2425E-19
3152.	0.2499E-19
3232.	0.2573E-19
3313.	0.2646E-19
3396.	0.2718E-19
3479.	0.2789E-19
3563.	0.2859E-19
3649.	0.2926E-19
3735.	0.2993E-19
3822.	0.3058E-19
3911.	0.3121E-19
4000.	0.3182E-19


E/N (Td)	Power / N (eV m3/s)
0.5000	0.9348E-18
1.005	0.9407E-18
2.520	0.9818E-18
5.044	0.1133E-17
8.579	0.1547E-17
13.12	0.2536E-17
18.68	0.4788E-17
25.24	0.9708E-17
32.82	0.1951E-16
41.40	0.3687E-16
50.99	0.6493E-16
61.60	0.1074E-15
73.21	0.1687E-15
85.83	0.2536E-15
99.47	0.3677E-15
114.1	0.5163E-15
129.8	0.7051E-15
146.4	0.9386E-15
164.1	0.1219E-14
182.8	0.1548E-14
202.5	0.1923E-14
223.2	0.2346E-14
244.9	0.2819E-14
267.6	0.3348E-14
291.3	0.3937E-14
316.1	0.4594E-14
341.8	0.5324E-14
368.6	0.6134E-14
396.4	0.7030E-14
425.1	0.8020E-14
454.9	0.9109E-14
485.7	0.1030E-13
517.5	0.1161E-13
550.4	0.1303E-13
584.2	0.1459E-13
619.0	0.1628E-13
654.9	0.1810E-13
691.7	0.2007E-13
729.6	0.2220E-13
768.5	0.2449E-13
808.4	0.2696E-13
849.3	0.2961E-13
891.2	0.3244E-13
934.1	0.3548E-13
978.0	0.3871E-13
1023.	0.4218E-13
1069.	0.4585E-13
1116.	0.4978E-13
1164.	0.5396E-13
1213.	0.5840E-13
1263.	0.6310E-13
1314.	0.6806E-13
1366.	0.7339E-13
1419.	0.7895E-13
1473.	0.8490E-13
1528.	0.9115E-13
1584.	0.9774E-13
1641.	0.1047E-12
1699.	0.1121E-12
1758.	0.1198E-12
1818.	0.1282E-12
1879.	0.1366E-12
1941.	0.1459E-12
2005.	0.1556E-12
2069.	0.1656E-12
2134.	0.1762E-12
2200.	0.1874E-12
2267.	0.1990E-12
2335.	0.2114E-12
2404.	0.2245E-12
2475.	0.2380E-12
2546.	0.2520E-12
2618.	0.2673E-12
2691.	0.2829E-12
2765.	0.2995E-12
2841.	0.3169E-12
2917.	0.3352E-12
2994.	0.3542E-12
3072.	0.3737E-12
3152.	0.3948E-12
3232.	0.4170E-12
3313.	0.4401E-12
3396.	0.4640E-12
3479.	0.4894E-12
3563.	0.5157E-12
3649.	0.5429E-12
3735.	0.5715E-12
3822.	0.6014E-12
3911.	0.6331E-12
4000.	0.6662E-12


E/N (Td)	Elastic power loss / N (eV m3/s)
0.5000	0.2808E-18
1.005	0.2821E-18
2.520	0.2907E-18
5.044	0.3223E-18
8.579	0.4086E-18
13.12	0.6194E-18
18.68	0.1123E-17
25.24	0.2238E-17
32.82	0.4285E-17
41.40	0.7365E-17
50.99	0.1146E-16
61.60	0.1657E-16
73.21	0.2275E-16
85.83	0.3013E-16
99.47	0.3894E-16
114.1	0.4958E-16
129.8	0.6276E-16
146.4	0.7932E-16
164.1	0.9978E-16
182.8	0.1236E-15
202.5	0.1494E-15
223.2	0.1751E-15
244.9	0.1994E-15
267.6	0.2214E-15
291.3	0.2410E-15
316.1	0.2583E-15
341.8	0.2736E-15
368.6	0.2873E-15
396.4	0.2997E-15
425.1	0.3110E-15
454.9	0.3214E-15
485.7	0.3311E-15
517.5	0.3402E-15
550.4	0.3489E-15
584.2	0.3572E-15
619.0	0.3652E-15
654.9	0.3730E-15
691.7	0.3807E-15
729.6	0.3882E-15
768.5	0.3957E-15
808.4	0.4031E-15
849.3	0.4105E-15
891.2	0.4179E-15
934.1	0.4254E-15
978.0	0.4330E-15
1023.	0.4406E-15
1069.	0.4483E-15
1116.	0.4562E-15
1164.	0.4643E-15
1213.	0.4725E-15
1263.	0.4810E-15
1314.	0.4896E-15
1366.	0.4986E-15
1419.	0.5077E-15
1473.	0.5172E-15
1528.	0.5270E-15
1584.	0.5372E-15
1641.	0.5475E-15
1699.	0.5586E-15
1758.	0.5698E-15
1818.	0.5818E-15
1879.	0.5937E-15
1941.	0.6068E-15
2005.	0.6203E-15
2069.	0.6341E-15
2134.	0.6486E-15
2200.	0.6639E-15
2267.	0.6795E-15
2335.	0.6963E-15
2404.	0.7139E-15
2475.	0.7320E-15
2546.	0.7508E-15
2618.	0.7714E-15
2691.	0.7922E-15
2765.	0.8145E-15
2841.	0.8377E-15
2917.	0.8622E-15
2994.	0.8876E-15
3072.	0.9139E-15
3152.	0.9424E-15
3232.	0.9721E-15
3313.	0.1003E-14
3396.	0.1036E-14
3479.	0.1070E-14
3563.	0.1106E-14
3649.	0.1143E-14
3735.	0.1182E-14
3822.	0.1223E-14
3911.	0.1266E-14
4000.	0.1312E-14


E/N (Td)	Inelastic power loss / N (eV m3/s)
0.5000	0.6535E-18
1.005	0.6581E-18
2.520	0.6905E-18
5.044	0.8104E-18
8.579	0.1137E-17
13.12	0.1915E-17
18.68	0.3663E-17
25.24	0.7467E-17
32.82	0.1522E-16
41.40	0.2950E-16
50.99	0.5345E-16
61.60	0.9081E-16
73.21	0.1459E-15
85.83	0.2235E-15
99.47	0.3286E-15
114.1	0.4666E-15
129.8	0.6422E-15
146.4	0.8591E-15
164.1	0.1119E-14
182.8	0.1424E-14
202.5	0.1773E-14
223.2	0.2170E-14
244.9	0.2619E-14
267.6	0.3126E-14
291.3	0.3695E-14
316.1	0.4333E-14
341.8	0.5045E-14
368.6	0.5838E-14
396.4	0.6716E-14
425.1	0.7686E-14
454.9	0.8752E-14
485.7	0.9921E-14
517.5	0.1119E-13
550.4	0.1258E-13
584.2	0.1409E-13
619.0	0.1572E-13
654.9	0.1747E-13
691.7	0.1936E-13
729.6	0.2140E-13
768.5	0.2356E-13
808.4	0.2589E-13
849.3	0.2838E-13
891.2	0.3102E-13
934.1	0.3383E-13
978.0	0.3681E-13
1023.	0.3998E-13
1069.	0.4331E-13
1116.	0.4685E-13
1164.	0.5059E-13
1213.	0.5453E-13
1263.	0.5867E-13
1314.	0.6299E-13
1366.	0.6762E-13
1419.	0.7238E-13
1473.	0.7745E-13
1528.	0.8271E-13
1584.	0.8822E-13
1641.	0.9393E-13
1699.	0.1000E-12
1758.	0.1063E-12
1818.	0.1130E-12
1879.	0.1197E-12
1941.	0.1269E-12
2005.	0.1344E-12
2069.	0.1420E-12
2134.	0.1500E-12
2200.	0.1584E-12
2267.	0.1669E-12
2335.	0.1759E-12
2404.	0.1853E-12
2475.	0.1948E-12
2546.	0.2044E-12
2618.	0.2149E-12
2691.	0.2253E-12
2765.	0.2363E-12
2841.	0.2475E-12
2917.	0.2592E-12
2994.	0.2710E-12
3072.	0.2829E-12
3152.	0.2956E-12
3232.	0.3087E-12
3313.	0.3220E-12
3396.	0.3353E-12
3479.	0.3493E-12
3563.	0.3635E-12
3649.	0.3777E-12
3735.	0.3923E-12
3822.	0.4072E-12
3911.	0.4226E-12
4000.	0.4383E-12


E/N (Td)	# of iterations
0.5000	4.000
1.005	4.000
2.520	4.000
5.044	4.000
8.579	4.000
13.12	4.000
18.68	4.000
25.24	5.000
32.82	5.000
41.40	5.000
50.99	5.000
61.60	5.000
73.21	5.000
85.83	5.000
99.47	5.000
114.1	5.000
129.8	5.000
146.4	5.000
164.1	5.000
182.8	12.00
202.5	6.000
223.2	5.000
244.9	5.000
267.6	5.000
291.3	5.000
316.1	5.000
341.8	5.000
368.6	5.000
396.4	5.000
425.1	5.000
454.9	5.000
485.7	5.000
517.5	5.000
550.4	5.000
584.2	5.000
619.0	5.000
654.9	5.000
691.7	5.000
729.6	5.000
768.5	5.000
808.4	5.000
849.3	6.000
891.2	7.000
934.1	7.000
978.0	7.000
1023.	7.000
1069.	7.000
1116.	7.000
1164.	7.000
1213.	7.000
1263.	7.000
1314.	7.000
1366.	7.000
1419.	7.000
1473.	7.000
1528.	7.000
1584.	8.000
1641.	8.000
1699.	8.000
1758.	8.000
1818.	9.000
1879.	9.000
1941.	9.000
2005.	9.000
2069.	9.000
2134.	9.000
2200.	9.000
2267.	9.000
2335.	9.000
2404.	9.000
2475.	9.000
2546.	10.00
2618.	10.00
2691.	10.00
2765.	10.00
2841.	10.00
2917.	10.00
2994.	10.00
3072.	11.00
3152.	11.00
3232.	11.00
3313.	11.00
3396.	11.00
3479.	11.00
3563.	11.00
3649.	11.00
3735.	11.00
3822.	11.00
3911.	11.00
4000.	11.00


E/N (Td)	# of grid trials
0.5000	1.000
1.005	1.000
2.520	1.000
5.044	1.000
8.579	1.000
13.12	1.000
18.68	1.000
25.24	1.000
32.82	1.000
41.40	1.000
50.99	2.000
61.60	2.000
73.21	2.000
85.83	2.000
99.47	2.000
114.1	2.000
129.8	2.000
146.4	2.000
164.1	2.000
182.8	2.000
202.5	3.000
223.2	2.000
244.9	2.000
267.6	1.000
291.3	1.000
316.1	1.000
341.8	1.000
368.6	1.000
396.4	1.000
425.1	1.000
454.9	1.000
485.7	1.000
517.5	1.000
550.4	1.000
584.2	1.000
619.0	1.000
654.9	1.000
691.7	1.000
729.6	1.000
768.5	1.000
808.4	1.000
849.3	1.000
891.2	1.000
934.1	1.000
978.0	1.000
1023.	1.000
1069.	1.000
1116.	1.000
1164.	1.000
1213.	1.000
1263.	1.000
1314.	1.000
1366.	1.000
1419.	1.000
1473.	1.000
1528.	1.000
1584.	1.000
1641.	1.000
1699.	1.000
1758.	1.000
1818.	1.000
1879.	1.000
1941.	1.000
2005.	1.000
2069.	1.000
2134.	1.000
2200.	1.000
2267.	1.000
2335.	1.000
2404.	1.000
2475.	1.000
2546.	1.000
2618.	1.000
2691.	1.000
2765.	1.000
2841.	1.000
2917.	1.000
2994.	1.000
3072.	1.000
3152.	1.000
3232.	1.000
3313.	1.000
3396.	1.000
3479.	1.000
3563.	1.000
3649.	1.000
3735.	1.000
3822.	1.000
3911.	1.000
4000.	1.000


E/N (Td)	Error code
0.5000	0.000
1.005	0.000
2.520	0.000
5.044	0.000
8.579	0.000
13.12	0.000
18.68	0.000
25.24	0.000
32.82	0.000
41.40	0.000
50.99	0.000
61.60	0.000
73.21	0.000
85.83	0.000
99.47	0.000
114.1	0.000
129.8	0.000
146.4	0.000
164.1	0.000
182.8	0.000
202.5	0.000
223.2	0.000
244.9	0.000
267.6	0.000
291.3	0.000
316.1	0.000
341.8	0.000
368.6	0.000
396.4	0.000
425.1	0.000
454.9	0.000
485.7	0.000
517.5	0.000
550.4	0.000
584.2	0.000
619.0	0.000
654.9	0.000
691.7	0.000
729.6	0.000
768.5	0.000
808.4	0.000
849.3	0.000
891.2	0.000
934.1	0.000
978.0	0.000
1023.	0.000
1069.	0.000
1116.	0.000
1164.	0.000
1213.	0.000
1263.	0.000
1314.	0.000
1366.	0.000
1419.	0.000
1473.	0.000
1528.	0.000
1584.	0.000
1641.	0.000
1699.	0.000
1758.	0.000
1818.	0.000
1879.	0.000
1941.	0.000
2005.	0.000
2069.	0.000
2134.	0.000
2200.	0.000
2267.	0.000
2335.	0.000
2404.	0.000
2475.	0.000
2546.	0.000
2618.	0.000
2691.	0.000
2765.	0.000
2841.	0.000
2917.	0.000
2994.	0.000
3072.	0.000
3152.	0.000
3232.	0.000
3313.	0.000
3396.	0.000
3479.	0.000
3563.	0.000
3649.	0.000
3735.	0.000
3822.	0.000
3911.	0.000
4000.	0.000


C1    H    Elastic                                              
E/N (Td)	Rate coefficient (m3/s)
0.5000	0.4188E-13
1.005	0.4193E-13
2.520	0.4227E-13
5.044	0.4343E-13
8.579	0.4617E-13
13.12	0.5125E-13
18.68	0.5930E-13
25.24	0.7011E-13
32.82	0.8183E-13
41.40	0.9237E-13
50.99	0.1010E-12
61.60	0.1079E-12
73.21	0.1135E-12
85.83	0.1181E-12
99.47	0.1219E-12
114.1	0.1251E-12
129.8	0.1279E-12
146.4	0.1304E-12
164.1	0.1324E-12
182.8	0.1341E-12
202.5	0.1354E-12
223.2	0.1363E-12
244.9	0.1369E-12
267.6	0.1372E-12
291.3	0.1373E-12
316.1	0.1373E-12
341.8	0.1372E-12
368.6	0.1371E-12
396.4	0.1369E-12
425.1	0.1366E-12
454.9	0.1364E-12
485.7	0.1361E-12
517.5	0.1358E-12
550.4	0.1354E-12
584.2	0.1351E-12
619.0	0.1347E-12
654.9	0.1344E-12
691.7	0.1340E-12
729.6	0.1336E-12
768.5	0.1332E-12
808.4	0.1327E-12
849.3	0.1323E-12
891.2	0.1318E-12
934.1	0.1314E-12
978.0	0.1309E-12
1023.	0.1304E-12
1069.	0.1299E-12
1116.	0.1293E-12
1164.	0.1288E-12
1213.	0.1282E-12
1263.	0.1277E-12
1314.	0.1271E-12
1366.	0.1265E-12
1419.	0.1258E-12
1473.	0.1252E-12
1528.	0.1246E-12
1584.	0.1239E-12
1641.	0.1232E-12
1699.	0.1225E-12
1758.	0.1218E-12
1818.	0.1211E-12
1879.	0.1203E-12
1941.	0.1195E-12
2005.	0.1188E-12
2069.	0.1180E-12
2134.	0.1172E-12
2200.	0.1163E-12
2267.	0.1155E-12
2335.	0.1146E-12
2404.	0.1137E-12
2475.	0.1128E-12
2546.	0.1120E-12
2618.	0.1110E-12
2691.	0.1101E-12
2765.	0.1091E-12
2841.	0.1081E-12
2917.	0.1071E-12
2994.	0.1061E-12
3072.	0.1052E-12
3152.	0.1041E-12
3232.	0.1031E-12
3313.	0.1020E-12
3396.	0.1009E-12
3479.	0.9984E-13
3563.	0.9876E-13
3649.	0.9768E-13
3735.	0.9658E-13
3822.	0.9548E-13
3911.	0.9434E-13
4000.	0.9320E-13


C2    H    Excitation    10.20 eV                               
E/N (Td)	Rate coefficient (m3/s)
0.5000	0.000
1.005	0.000
2.520	0.000
5.044	0.000
8.579	0.000
13.12	0.000
18.68	0.000
25.24	0.000
32.82	0.000
41.40	0.000
50.99	0.000
61.60	0.000
73.21	0.000
85.83	0.1821E-23
99.47	0.1383E-21
114.1	0.3250E-20
129.8	0.3673E-19
146.4	0.2377E-18
164.1	0.1002E-17
182.8	0.3025E-17
202.5	0.7087E-17
223.2	0.1372E-16
244.9	0.2305E-16
267.6	0.3492E-16
291.3	0.4898E-16
316.1	0.6490E-16
341.8	0.8240E-16
368.6	0.1012E-15
396.4	0.1211E-15
425.1	0.1420E-15
454.9	0.1637E-15
485.7	0.1862E-15
517.5	0.2093E-15
550.4	0.2330E-15
584.2	0.2574E-15
619.0	0.2823E-15
654.9	0.3074E-15
691.7	0.3330E-15
729.6	0.3591E-15
768.5	0.3853E-15
808.4	0.4120E-15
849.3	0.4390E-15
891.2	0.4659E-15
934.1	0.4933E-15
978.0	0.5206E-15
1023.	0.5484E-15
1069.	0.5758E-15
1116.	0.6039E-15
1164.	0.6317E-15
1213.	0.6598E-15
1263.	0.6877E-15
1314.	0.7154E-15
1366.	0.7438E-15
1419.	0.7714E-15
1473.	0.7997E-15
1528.	0.8276E-15
1584.	0.8554E-15
1641.	0.8826E-15
1699.	0.9111E-15
1758.	0.9386E-15
1818.	0.9658E-15
1879.	0.9936E-15
1941.	0.1021E-14
2005.	0.1048E-14
2069.	0.1075E-14
2134.	0.1102E-14
2200.	0.1129E-14
2267.	0.1155E-14
2335.	0.1182E-14
2404.	0.1208E-14
2475.	0.1234E-14
2546.	0.1259E-14
2618.	0.1285E-14
2691.	0.1310E-14
2765.	0.1335E-14
2841.	0.1361E-14
2917.	0.1386E-14
2994.	0.1409E-14
3072.	0.1432E-14
3152.	0.1457E-14
3232.	0.1481E-14
3313.	0.1504E-14
3396.	0.1526E-14
3479.	0.1549E-14
3563.	0.1571E-14
3649.	0.1592E-14
3735.	0.1613E-14
3822.	0.1633E-14
3911.	0.1654E-14
4000.	0.1675E-14


C3    H    Excitation    10.20 eV                               
E/N (Td)	Rate coefficient (m3/s)
0.5000	0.000
1.005	0.000
2.520	0.000
5.044	0.000
8.579	0.000
13.12	0.000
18.68	0.000
25.24	0.000
32.82	0.000
41.40	0.000
50.99	0.000
61.60	0.000
73.21	0.000
85.83	0.3205E-23
99.47	0.2518E-21
114.1	0.5970E-20
129.8	0.6813E-19
146.4	0.4458E-18
164.1	0.1900E-17
182.8	0.5809E-17
202.5	0.1379E-16
223.2	0.2705E-16
244.9	0.4609E-16
267.6	0.7084E-16
291.3	0.1008E-15
316.1	0.1357E-15
341.8	0.1749E-15
368.6	0.2182E-15
396.4	0.2654E-15
425.1	0.3163E-15
454.9	0.3708E-15
485.7	0.4288E-15
517.5	0.4902E-15
550.4	0.5551E-15
584.2	0.6237E-15
619.0	0.6959E-15
654.9	0.7710E-15
691.7	0.8502E-15
729.6	0.9330E-15
768.5	0.1019E-14
808.4	0.1109E-14
849.3	0.1203E-14
891.2	0.1300E-14
934.1	0.1401E-14
978.0	0.1506E-14
1023.	0.1615E-14
1069.	0.1727E-14
1116.	0.1844E-14
1164.	0.1964E-14
1213.	0.2089E-14
1263.	0.2218E-14
1314.	0.2350E-14
1366.	0.2488E-14
1419.	0.2629E-14
1473.	0.2776E-14
1528.	0.2926E-14
1584.	0.3080E-14
1641.	0.3238E-14
1699.	0.3405E-14
1758.	0.3573E-14
1818.	0.3749E-14
1879.	0.3925E-14
1941.	0.4111E-14
2005.	0.4302E-14
2069.	0.4493E-14
2134.	0.4693E-14
2200.	0.4900E-14
2267.	0.5105E-14
2335.	0.5322E-14
2404.	0.5546E-14
2475.	0.5770E-14
2546.	0.5995E-14
2618.	0.6238E-14
2691.	0.6476E-14
2765.	0.6726E-14
2841.	0.6981E-14
2917.	0.7241E-14
2994.	0.7503E-14
3072.	0.7764E-14
3152.	0.8043E-14
3232.	0.8326E-14
3313.	0.8613E-14
3396.	0.8898E-14
3479.	0.9196E-14
3563.	0.9493E-14
3649.	0.9791E-14
3735.	0.1009E-13
3822.	0.1040E-13
3911.	0.1072E-13
4000.	0.1104E-13


C4    H    Ionization    13.60 eV                               
E/N (Td)	Rate coefficient (m3/s)
0.5000	0.000
1.005	0.000
2.520	0.000
5.044	0.000
8.579	0.000
13.12	0.000
18.68	0.000
25.24	0.000
32.82	0.000
41.40	0.000
50.99	0.000
61.60	0.000
73.21	0.000
85.83	0.000
99.47	0.5606E-26
114.1	0.6957E-24
129.8	0.2040E-22
146.4	0.2916E-21
164.1	0.2396E-20
182.8	0.1282E-19
202.5	0.4884E-19
223.2	0.1474E-18
244.9	0.3631E-18
267.6	0.7714E-18
291.3	0.1467E-17
316.1	0.2556E-17
341.8	0.4160E-17
368.6	0.6408E-17
396.4	0.9437E-17
425.1	0.1340E-16
454.9	0.1843E-16
485.7	0.2470E-16
517.5	0.3235E-16
550.4	0.4156E-16
584.2	0.5250E-16
619.0	0.6531E-16
654.9	0.8015E-16
691.7	0.9724E-16
729.6	0.1167E-15
768.5	0.1387E-15
808.4	0.1634E-15
849.3	0.1911E-15
891.2	0.2217E-15
934.1	0.2557E-15
978.0	0.2929E-15
1023.	0.3339E-15
1069.	0.3784E-15
1116.	0.4269E-15
1164.	0.4796E-15
1213.	0.5364E-15
1263.	0.5976E-15
1314.	0.6630E-15
1366.	0.7341E-15
1419.	0.8090E-15
1473.	0.8899E-15
1528.	0.9755E-15
1584.	0.1066E-14
1641.	0.1162E-14
1699.	0.1266E-14
1758.	0.1374E-14
1818.	0.1491E-14
1879.	0.1608E-14
1941.	0.1738E-14
2005.	0.1873E-14
2069.	0.2012E-14
2134.	0.2160E-14
2200.	0.2315E-14
2267.	0.2474E-14
2335.	0.2643E-14
2404.	0.2820E-14
2475.	0.3002E-14
2546.	0.3189E-14
2618.	0.3391E-14
2691.	0.3595E-14
2765.	0.3809E-14
2841.	0.4031E-14
2917.	0.4261E-14
2994.	0.4497E-14
3072.	0.4736E-14
3152.	0.4989E-14
3232.	0.5252E-14
3313.	0.5521E-14
3396.	0.5792E-14
3479.	0.6077E-14
3563.	0.6365E-14
3649.	0.6655E-14
3735.	0.6955E-14
3822.	0.7262E-14
3911.	0.7579E-14
4000.	0.7901E-14


C5    H2    Effective (momentum)                                
E/N (Td)	Rate coefficient (m3/s)
0.5000	0.9677E-14
1.005	0.9692E-14
2.520	0.9800E-14
5.044	0.1018E-13
8.579	0.1110E-13
13.12	0.1294E-13
18.68	0.1621E-13
25.24	0.2141E-13
32.82	0.2833E-13
41.40	0.3614E-13
50.99	0.4419E-13
61.60	0.5224E-13
73.21	0.6023E-13
85.83	0.6814E-13
99.47	0.7597E-13
114.1	0.8376E-13
129.8	0.9154E-13
146.4	0.9927E-13
164.1	0.1068E-12
182.8	0.1137E-12
202.5	0.1196E-12
223.2	0.1245E-12
244.9	0.1282E-12
267.6	0.1310E-12
291.3	0.1331E-12
316.1	0.1346E-12
341.8	0.1356E-12
368.6	0.1364E-12
396.4	0.1369E-12
425.1	0.1373E-12
454.9	0.1375E-12
485.7	0.1376E-12
517.5	0.1376E-12
550.4	0.1376E-12
584.2	0.1375E-12
619.0	0.1373E-12
654.9	0.1371E-12
691.7	0.1369E-12
729.6	0.1367E-12
768.5	0.1364E-12
808.4	0.1361E-12
849.3	0.1358E-12
891.2	0.1355E-12
934.1	0.1352E-12
978.0	0.1348E-12
1023.	0.1345E-12
1069.	0.1341E-12
1116.	0.1338E-12
1164.	0.1334E-12
1213.	0.1330E-12
1263.	0.1326E-12
1314.	0.1322E-12
1366.	0.1318E-12
1419.	0.1314E-12
1473.	0.1310E-12
1528.	0.1306E-12
1584.	0.1302E-12
1641.	0.1298E-12
1699.	0.1294E-12
1758.	0.1290E-12
1818.	0.1286E-12
1879.	0.1282E-12
1941.	0.1278E-12
2005.	0.1275E-12
2069.	0.1271E-12
2134.	0.1267E-12
2200.	0.1263E-12
2267.	0.1260E-12
2335.	0.1256E-12
2404.	0.1252E-12
2475.	0.1249E-12
2546.	0.1246E-12
2618.	0.1242E-12
2691.	0.1239E-12
2765.	0.1236E-12
2841.	0.1233E-12
2917.	0.1230E-12
2994.	0.1227E-12
3072.	0.1225E-12
3152.	0.1222E-12
3232.	0.1220E-12
3313.	0.1218E-12
3396.	0.1215E-12
3479.	0.1213E-12
3563.	0.1212E-12
3649.	0.1210E-12
3735.	0.1208E-12
3822.	0.1207E-12
3911.	0.1206E-12
4000.	0.1205E-12


C6    H2    Excitation    0.04 eV                               
E/N (Td)	Rate coefficient (m3/s)
0.5000	0.6985E-17
1.005	0.7023E-17
2.520	0.7288E-17
5.044	0.8248E-17
8.579	0.1074E-16
13.12	0.1627E-16
18.68	0.2765E-16
25.24	0.4935E-16
32.82	0.8510E-16
41.40	0.1360E-15
50.99	0.2026E-15
61.60	0.2862E-15
73.21	0.3888E-15
85.83	0.5128E-15
99.47	0.6623E-15
114.1	0.8432E-15
129.8	0.1063E-14
146.4	0.1327E-14
164.1	0.1634E-14
182.8	0.1969E-14
202.5	0.2305E-14
223.2	0.2621E-14
244.9	0.2902E-14
267.6	0.3142E-14
291.3	0.3345E-14
316.1	0.3515E-14
341.8	0.3659E-14
368.6	0.3781E-14
396.4	0.3885E-14
425.1	0.3976E-14
454.9	0.4055E-14
485.7	0.4125E-14
517.5	0.4187E-14
550.4	0.4243E-14
584.2	0.4293E-14
619.0	0.4339E-14
654.9	0.4381E-14
691.7	0.4420E-14
729.6	0.4455E-14
768.5	0.4488E-14
808.4	0.4518E-14
849.3	0.4547E-14
891.2	0.4573E-14
934.1	0.4597E-14
978.0	0.4620E-14
1023.	0.4641E-14
1069.	0.4660E-14
1116.	0.4679E-14
1164.	0.4696E-14
1213.	0.4711E-14
1263.	0.4726E-14
1314.	0.4739E-14
1366.	0.4751E-14
1419.	0.4762E-14
1473.	0.4772E-14
1528.	0.4782E-14
1584.	0.4790E-14
1641.	0.4797E-14
1699.	0.4803E-14
1758.	0.4809E-14
1818.	0.4813E-14
1879.	0.4817E-14
1941.	0.4820E-14
2005.	0.4821E-14
2069.	0.4823E-14
2134.	0.4823E-14
2200.	0.4822E-14
2267.	0.4821E-14
2335.	0.4819E-14
2404.	0.4816E-14
2475.	0.4812E-14
2546.	0.4808E-14
2618.	0.4802E-14
2691.	0.4797E-14
2765.	0.4790E-14
2841.	0.4782E-14
2917.	0.4774E-14
2994.	0.4765E-14
3072.	0.4756E-14
3152.	0.4745E-14
3232.	0.4734E-14
3313.	0.4722E-14
3396.	0.4710E-14
3479.	0.4697E-14
3563.	0.4683E-14
3649.	0.4669E-14
3735.	0.4654E-14
3822.	0.4639E-14
3911.	0.4622E-14
4000.	0.4606E-14


C7    H2    Excitation    0.07 eV                               
E/N (Td)	Rate coefficient (m3/s)
0.5000	0.5213E-17
1.005	0.5256E-17
2.520	0.5564E-17
5.044	0.6715E-17
8.579	0.9925E-17
13.12	0.1778E-16
18.68	0.3561E-16
25.24	0.7208E-16
32.82	0.1346E-15
41.40	0.2249E-15
50.99	0.3429E-15
61.60	0.4897E-15
73.21	0.6684E-15
85.83	0.8840E-15
99.47	0.1144E-14
114.1	0.1461E-14
129.8	0.1849E-14
146.4	0.2319E-14
164.1	0.2870E-14
182.8	0.3474E-14
202.5	0.4085E-14
223.2	0.4660E-14
244.9	0.5173E-14
267.6	0.5613E-14
291.3	0.5986E-14
316.1	0.6300E-14
341.8	0.6564E-14
368.6	0.6789E-14
396.4	0.6982E-14
425.1	0.7149E-14
454.9	0.7296E-14
485.7	0.7425E-14
517.5	0.7540E-14
550.4	0.7644E-14
584.2	0.7738E-14
619.0	0.7823E-14
654.9	0.7901E-14
691.7	0.7973E-14
729.6	0.8038E-14
768.5	0.8100E-14
808.4	0.8156E-14
849.3	0.8208E-14
891.2	0.8257E-14
934.1	0.8302E-14
978.0	0.8345E-14
1023.	0.8384E-14
1069.	0.8421E-14
1116.	0.8455E-14
1164.	0.8486E-14
1213.	0.8516E-14
1263.	0.8543E-14
1314.	0.8568E-14
1366.	0.8591E-14
1419.	0.8612E-14
1473.	0.8631E-14
1528.	0.8648E-14
1584.	0.8664E-14
1641.	0.8677E-14
1699.	0.8689E-14
1758.	0.8700E-14
1818.	0.8708E-14
1879.	0.8716E-14
1941.	0.8721E-14
2005.	0.8725E-14
2069.	0.8727E-14
2134.	0.8728E-14
2200.	0.8727E-14
2267.	0.8725E-14
2335.	0.8722E-14
2404.	0.8717E-14
2475.	0.8711E-14
2546.	0.8703E-14
2618.	0.8694E-14
2691.	0.8683E-14
2765.	0.8671E-14
2841.	0.8658E-14
2917.	0.8643E-14
2994.	0.8627E-14
3072.	0.8611E-14
3152.	0.8592E-14
3232.	0.8572E-14
3313.	0.8551E-14
3396.	0.8529E-14
3479.	0.8506E-14
3563.	0.8481E-14
3649.	0.8456E-14
3735.	0.8429E-14
3822.	0.8402E-14
3911.	0.8372E-14
4000.	0.8342E-14


C8    H2    Excitation    0.52 eV                               
E/N (Td)	Rate coefficient (m3/s)
0.5000	0.5955E-23
1.005	0.6262E-23
2.520	0.8816E-23
5.044	0.2656E-22
8.579	0.2334E-21
13.12	0.4261E-20
18.68	0.7716E-19
25.24	0.8272E-18
32.82	0.4741E-17
41.40	0.1672E-16
50.99	0.4295E-16
61.60	0.9026E-16
73.21	0.1659E-15
85.83	0.2770E-15
99.47	0.4304E-15
114.1	0.6319E-15
129.8	0.8843E-15
146.4	0.1184E-14
164.1	0.1517E-14
182.8	0.1854E-14
202.5	0.2166E-14
223.2	0.2433E-14
244.9	0.2648E-14
267.6	0.2813E-14
291.3	0.2936E-14
316.1	0.3027E-14
341.8	0.3093E-14
368.6	0.3139E-14
396.4	0.3172E-14
425.1	0.3192E-14
454.9	0.3205E-14
485.7	0.3210E-14
517.5	0.3210E-14
550.4	0.3206E-14
584.2	0.3198E-14
619.0	0.3187E-14
654.9	0.3173E-14
691.7	0.3157E-14
729.6	0.3139E-14
768.5	0.3119E-14
808.4	0.3098E-14
849.3	0.3076E-14
891.2	0.3052E-14
934.1	0.3027E-14
978.0	0.3002E-14
1023.	0.2975E-14
1069.	0.2948E-14
1116.	0.2919E-14
1164.	0.2891E-14
1213.	0.2861E-14
1263.	0.2831E-14
1314.	0.2801E-14
1366.	0.2770E-14
1419.	0.2738E-14
1473.	0.2706E-14
1528.	0.2674E-14
1584.	0.2642E-14
1641.	0.2609E-14
1699.	0.2575E-14
1758.	0.2542E-14
1818.	0.2509E-14
1879.	0.2475E-14
1941.	0.2441E-14
2005.	0.2406E-14
2069.	0.2372E-14
2134.	0.2337E-14
2200.	0.2303E-14
2267.	0.2269E-14
2335.	0.2233E-14
2404.	0.2198E-14
2475.	0.2164E-14
2546.	0.2130E-14
2618.	0.2094E-14
2691.	0.2061E-14
2765.	0.2026E-14
2841.	0.1991E-14
2917.	0.1956E-14
2994.	0.1923E-14
3072.	0.1890E-14
3152.	0.1855E-14
3232.	0.1821E-14
3313.	0.1787E-14
3396.	0.1755E-14
3479.	0.1722E-14
3563.	0.1689E-14
3649.	0.1658E-14
3735.	0.1627E-14
3822.	0.1596E-14
3911.	0.1564E-14
4000.	0.1533E-14


C9    H2    Excitation    1.00 eV                               
E/N (Td)	Rate coefficient (m3/s)
0.5000	0.000
1.005	0.000
2.520	0.000
5.044	0.000
8.579	0.000
13.12	0.2880E-27
18.68	0.2395E-24
25.24	0.4010E-22
32.82	0.1642E-20
41.40	0.2252E-19
50.99	0.1494E-18
61.60	0.6215E-18
73.21	0.1901E-17
85.83	0.4700E-17
99.47	0.9970E-17
114.1	0.1884E-16
129.8	0.3248E-16
146.4	0.5169E-16
164.1	0.7624E-16
182.8	0.1044E-15
202.5	0.1333E-15
223.2	0.1605E-15
244.9	0.1844E-15
267.6	0.2044E-15
291.3	0.2208E-15
316.1	0.2341E-15
341.8	0.2447E-15
368.6	0.2533E-15
396.4	0.2601E-15
425.1	0.2656E-15
454.9	0.2700E-15
485.7	0.2735E-15
517.5	0.2762E-15
550.4	0.2783E-15
584.2	0.2798E-15
619.0	0.2809E-15
654.9	0.2815E-15
691.7	0.2818E-15
729.6	0.2818E-15
768.5	0.2815E-15
808.4	0.2809E-15
849.3	0.2800E-15
891.2	0.2790E-15
934.1	0.2778E-15
978.0	0.2764E-15
1023.	0.2747E-15
1069.	0.2730E-15
1116.	0.2711E-15
1164.	0.2690E-15
1213.	0.2669E-15
1263.	0.2646E-15
1314.	0.2622E-15
1366.	0.2597E-15
1419.	0.2571E-15
1473.	0.2543E-15
1528.	0.2516E-15
1584.	0.2487E-15
1641.	0.2458E-15
1699.	0.2427E-15
1758.	0.2396E-15
1818.	0.2364E-15
1879.	0.2332E-15
1941.	0.2299E-15
2005.	0.2265E-15
2069.	0.2231E-15
2134.	0.2196E-15
2200.	0.2161E-15
2267.	0.2127E-15
2335.	0.2090E-15
2404.	0.2053E-15
2475.	0.2018E-15
2546.	0.1982E-15
2618.	0.1944E-15
2691.	0.1908E-15
2765.	0.1870E-15
2841.	0.1832E-15
2917.	0.1794E-15
2994.	0.1758E-15
3072.	0.1722E-15
3152.	0.1683E-15
3232.	0.1645E-15
3313.	0.1607E-15
3396.	0.1571E-15
3479.	0.1533E-15
3563.	0.1496E-15
3649.	0.1461E-15
3735.	0.1425E-15
3822.	0.1389E-15
3911.	0.1353E-15
4000.	0.1317E-15


C10   H2    Excitation    1.50 eV                               
E/N (Td)	Rate coefficient (m3/s)
0.5000	0.000
1.005	0.000
2.520	0.000
5.044	0.000
8.579	0.000
13.12	0.000
18.68	0.7134E-27
25.24	0.2900E-24
32.82	0.2330E-22
41.40	0.5447E-21
50.99	0.5427E-20
61.60	0.3047E-19
73.21	0.1158E-18
85.83	0.3345E-18
99.47	0.7930E-18
114.1	0.1622E-17
129.8	0.2953E-17
146.4	0.4874E-17
164.1	0.7352E-17
182.8	0.1019E-16
202.5	0.1310E-16
223.2	0.1582E-16
244.9	0.1818E-16
267.6	0.2014E-16
291.3	0.2172E-16
316.1	0.2299E-16
341.8	0.2398E-16
368.6	0.2477E-16
396.4	0.2539E-16
425.1	0.2588E-16
454.9	0.2626E-16
485.7	0.2654E-16
517.5	0.2676E-16
550.4	0.2691E-16
584.2	0.2701E-16
619.0	0.2706E-16
654.9	0.2708E-16
691.7	0.2706E-16
729.6	0.2701E-16
768.5	0.2693E-16
808.4	0.2683E-16
849.3	0.2671E-16
891.2	0.2657E-16
934.1	0.2641E-16
978.0	0.2624E-16
1023.	0.2604E-16
1069.	0.2584E-16
1116.	0.2562E-16
1164.	0.2540E-16
1213.	0.2516E-16
1263.	0.2491E-16
1314.	0.2465E-16
1366.	0.2438E-16
1419.	0.2411E-16
1473.	0.2382E-16
1528.	0.2353E-16
1584.	0.2323E-16
1641.	0.2293E-16
1699.	0.2261E-16
1758.	0.2230E-16
1818.	0.2198E-16
1879.	0.2165E-16
1941.	0.2132E-16
2005.	0.2098E-16
2069.	0.2065E-16
2134.	0.2031E-16
2200.	0.1996E-16
2267.	0.1962E-16
2335.	0.1926E-16
2404.	0.1890E-16
2475.	0.1856E-16
2546.	0.1821E-16
2618.	0.1784E-16
2691.	0.1750E-16
2765.	0.1714E-16
2841.	0.1677E-16
2917.	0.1641E-16
2994.	0.1606E-16
3072.	0.1572E-16
3152.	0.1535E-16
3232.	0.1499E-16
3313.	0.1463E-16
3396.	0.1429E-16
3479.	0.1393E-16
3563.	0.1359E-16
3649.	0.1325E-16
3735.	0.1292E-16
3822.	0.1259E-16
3911.	0.1225E-16
4000.	0.1191E-16


C11   H2    Excitation    8.90 eV                               
E/N (Td)	Rate coefficient (m3/s)
0.5000	0.000
1.005	0.000
2.520	0.000
5.044	0.000
8.579	0.000
13.12	0.000
18.68	0.000
25.24	0.000
32.82	0.000
41.40	0.000
50.99	0.000
61.60	0.000
73.21	0.000
85.83	0.9265E-23
99.47	0.4882E-21
114.1	0.9906E-20
129.8	0.1010E-18
146.4	0.6076E-18
164.1	0.2429E-17
182.8	0.7062E-17
202.5	0.1610E-16
223.2	0.3056E-16
244.9	0.5066E-16
267.6	0.7601E-16
291.3	0.1060E-15
316.1	0.1400E-15
341.8	0.1775E-15
368.6	0.2181E-15
396.4	0.2615E-15
425.1	0.3076E-15
454.9	0.3560E-15
485.7	0.4067E-15
517.5	0.4594E-15
550.4	0.5142E-15
584.2	0.5711E-15
619.0	0.6299E-15
654.9	0.6901E-15
691.7	0.7523E-15
729.6	0.8161E-15
768.5	0.8811E-15
808.4	0.9478E-15
849.3	0.1016E-14
891.2	0.1085E-14
934.1	0.1155E-14
978.0	0.1226E-14
1023.	0.1298E-14
1069.	0.1370E-14
1116.	0.1444E-14
1164.	0.1517E-14
1213.	0.1592E-14
1263.	0.1666E-14
1314.	0.1739E-14
1366.	0.1815E-14
1419.	0.1888E-14
1473.	0.1963E-14
1528.	0.2037E-14
1584.	0.2110E-14
1641.	0.2181E-14
1699.	0.2255E-14
1758.	0.2325E-14
1818.	0.2395E-14
1879.	0.2464E-14
1941.	0.2531E-14
2005.	0.2598E-14
2069.	0.2662E-14
2134.	0.2726E-14
2200.	0.2788E-14
2267.	0.2846E-14
2335.	0.2905E-14
2404.	0.2963E-14
2475.	0.3016E-14
2546.	0.3064E-14
2618.	0.3117E-14
2691.	0.3161E-14
2765.	0.3207E-14
2841.	0.3250E-14
2917.	0.3290E-14
2994.	0.3325E-14
3072.	0.3355E-14
3152.	0.3389E-14
3232.	0.3418E-14
3313.	0.3443E-14
3396.	0.3464E-14
3479.	0.3484E-14
3563.	0.3499E-14
3649.	0.3511E-14
3735.	0.3520E-14
3822.	0.3526E-14
3911.	0.3531E-14
4000.	0.3533E-14


C12   H2    Excitation    11.30 eV                              
E/N (Td)	Rate coefficient (m3/s)
0.5000	0.000
1.005	0.000
2.520	0.000
5.044	0.000
8.579	0.000
13.12	0.000
18.68	0.000
25.24	0.000
32.82	0.000
41.40	0.000
50.99	0.000
61.60	0.000
73.21	0.000
85.83	0.000
99.47	0.7909E-23
114.1	0.2567E-21
129.8	0.3771E-20
146.4	0.3037E-19
164.1	0.1539E-18
182.8	0.5455E-18
202.5	0.1470E-17
223.2	0.3225E-17
244.9	0.6063E-17
267.6	0.1017E-16
291.3	0.1567E-16
316.1	0.2264E-16
341.8	0.3116E-16
368.6	0.4128E-16
396.4	0.5306E-16
425.1	0.6659E-16
454.9	0.8191E-16
485.7	0.9911E-16
517.5	0.1182E-15
550.4	0.1394E-15
584.2	0.1627E-15
619.0	0.1882E-15
654.9	0.2158E-15
691.7	0.2460E-15
729.6	0.2786E-15
768.5	0.3137E-15
808.4	0.3515E-15
849.3	0.3922E-15
891.2	0.4354E-15
934.1	0.4818E-15
978.0	0.5310E-15
1023.	0.5836E-15
1069.	0.6390E-15
1116.	0.6981E-15
1164.	0.7606E-15
1213.	0.8264E-15
1263.	0.8960E-15
1314.	0.9685E-15
1366.	0.1046E-14
1419.	0.1126E-14
1473.	0.1212E-14
1528.	0.1300E-14
1584.	0.1393E-14
1641.	0.1489E-14
1699.	0.1592E-14
1758.	0.1697E-14
1818.	0.1809E-14
1879.	0.1921E-14
1941.	0.2043E-14
2005.	0.2168E-14
2069.	0.2296E-14
2134.	0.2429E-14
2200.	0.2569E-14
2267.	0.2709E-14
2335.	0.2858E-14
2404.	0.3013E-14
2475.	0.3170E-14
2546.	0.3329E-14
2618.	0.3499E-14
2691.	0.3670E-14
2765.	0.3848E-14
2841.	0.4030E-14
2917.	0.4218E-14
2994.	0.4408E-14
3072.	0.4599E-14
3152.	0.4802E-14
3232.	0.5009E-14
3313.	0.5219E-14
3396.	0.5430E-14
3479.	0.5649E-14
3563.	0.5869E-14
3649.	0.6089E-14
3735.	0.6315E-14
3822.	0.6544E-14
3911.	0.6781E-14
4000.	0.7019E-14


C13   H2    Excitation    11.75 eV                              
E/N (Td)	Rate coefficient (m3/s)
0.5000	0.000
1.005	0.000
2.520	0.000
5.044	0.000
8.579	0.000
13.12	0.000
18.68	0.000
25.24	0.000
32.82	0.000
41.40	0.000
50.99	0.000
61.60	0.000
73.21	0.000
85.83	0.000
99.47	0.4275E-23
114.1	0.1566E-21
129.8	0.2530E-20
146.4	0.2201E-19
164.1	0.1187E-18
182.8	0.4426E-18
202.5	0.1242E-17
223.2	0.2819E-17
244.9	0.5445E-17
267.6	0.9330E-17
291.3	0.1461E-16
316.1	0.2137E-16
341.8	0.2966E-16
368.6	0.3950E-16
396.4	0.5089E-16
425.1	0.6384E-16
454.9	0.7830E-16
485.7	0.9425E-16
517.5	0.1116E-15
550.4	0.1304E-15
584.2	0.1506E-15
619.0	0.1721E-15
654.9	0.1947E-15
691.7	0.2186E-15
729.6	0.2436E-15
768.5	0.2695E-15
808.4	0.2965E-15
849.3	0.3244E-15
891.2	0.3529E-15
934.1	0.3823E-15
978.0	0.4123E-15
1023.	0.4429E-15
1069.	0.4738E-15
1116.	0.5054E-15
1164.	0.5372E-15
1213.	0.5693E-15
1263.	0.6016E-15
1314.	0.6335E-15
1366.	0.6664E-15
1419.	0.6983E-15
1473.	0.7310E-15
1528.	0.7629E-15
1584.	0.7946E-15
1641.	0.8258E-15
1699.	0.8575E-15
1758.	0.8883E-15
1818.	0.9183E-15
1879.	0.9482E-15
1941.	0.9769E-15
2005.	0.1006E-14
2069.	0.1033E-14
2134.	0.1061E-14
2200.	0.1087E-14
2267.	0.1112E-14
2335.	0.1137E-14
2404.	0.1161E-14
2475.	0.1184E-14
2546.	0.1204E-14
2618.	0.1226E-14
2691.	0.1245E-14
2765.	0.1263E-14
2841.	0.1282E-14
2917.	0.1298E-14
2994.	0.1312E-14
3072.	0.1325E-14
3152.	0.1339E-14
3232.	0.1351E-14
3313.	0.1361E-14
3396.	0.1369E-14
3479.	0.1377E-14
3563.	0.1384E-14
3649.	0.1388E-14
3735.	0.1391E-14
3822.	0.1394E-14
3911.	0.1396E-14
4000.	0.1396E-14


C14   H2    Excitation    11.80 eV                              
E/N (Td)	Rate coefficient (m3/s)
0.5000	0.000
1.005	0.000
2.520	0.000
5.044	0.000
8.579	0.000
13.12	0.000
18.68	0.000
25.24	0.000
32.82	0.000
41.40	0.000
50.99	0.000
61.60	0.000
73.21	0.000
85.83	0.000
99.47	0.1449E-23
114.1	0.5827E-22
129.8	0.1020E-20
146.4	0.9510E-20
164.1	0.5440E-19
182.8	0.2133E-18
202.5	0.6247E-18
223.2	0.1470E-17
244.9	0.2928E-17
267.6	0.5150E-17
291.3	0.8246E-17
316.1	0.1230E-16
341.8	0.1735E-16
368.6	0.2343E-16
396.4	0.3055E-16
425.1	0.3873E-16
454.9	0.4794E-16
485.7	0.5818E-16
517.5	0.6940E-16
550.4	0.8160E-16
584.2	0.9476E-16
619.0	0.1088E-15
654.9	0.1237E-15
691.7	0.1395E-15
729.6	0.1561E-15
768.5	0.1733E-15
808.4	0.1913E-15
849.3	0.2100E-15
891.2	0.2291E-15
934.1	0.2489E-15
978.0	0.2691E-15
1023.	0.2898E-15
1069.	0.3109E-15
1116.	0.3323E-15
1164.	0.3541E-15
1213.	0.3761E-15
1263.	0.3983E-15
1314.	0.4203E-15
1366.	0.4431E-15
1419.	0.4652E-15
1473.	0.4880E-15
1528.	0.5104E-15
1584.	0.5326E-15
1641.	0.5546E-15
1699.	0.5770E-15
1758.	0.5989E-15
1818.	0.6203E-15
1879.	0.6417E-15
1941.	0.6625E-15
2005.	0.6835E-15
2069.	0.7033E-15
2134.	0.7233E-15
2200.	0.7430E-15
2267.	0.7612E-15
2335.	0.7797E-15
2404.	0.7980E-15
2475.	0.8148E-15
2546.	0.8304E-15
2618.	0.8470E-15
2691.	0.8613E-15
2765.	0.8759E-15
2841.	0.8900E-15
2917.	0.9030E-15
2994.	0.9146E-15
3072.	0.9248E-15
3152.	0.9359E-15
3232.	0.9457E-15
3313.	0.9544E-15
3396.	0.9618E-15
3479.	0.9687E-15
3563.	0.9746E-15
3649.	0.9793E-15
3735.	0.9828E-15
3822.	0.9858E-15
3911.	0.9885E-15
4000.	0.9902E-15


C15   H2    Excitation    12.40 eV                              
E/N (Td)	Rate coefficient (m3/s)
0.5000	0.000
1.005	0.000
2.520	0.000
5.044	0.000
8.579	0.000
13.12	0.000
18.68	0.000
25.24	0.000
32.82	0.000
41.40	0.000
50.99	0.000
61.60	0.000
73.21	0.000
85.83	0.000
99.47	0.2046E-24
114.1	0.1049E-22
129.8	0.2224E-21
146.4	0.2440E-20
164.1	0.1609E-19
182.8	0.7143E-19
202.5	0.2335E-18
223.2	0.6084E-18
244.9	0.1327E-17
267.6	0.2535E-17
291.3	0.4382E-17
316.1	0.7013E-17
341.8	0.1057E-16
368.6	0.1519E-16
396.4	0.2100E-16
425.1	0.2814E-16
454.9	0.3671E-16
485.7	0.4686E-16
517.5	0.5866E-16
550.4	0.7226E-16
584.2	0.8778E-16
619.0	0.1053E-15
654.9	0.1249E-15
691.7	0.1468E-15
729.6	0.1709E-15
768.5	0.1974E-15
808.4	0.2265E-15
849.3	0.2582E-15
891.2	0.2924E-15
934.1	0.3295E-15
978.0	0.3693E-15
1023.	0.4122E-15
1069.	0.4579E-15
1116.	0.5068E-15
1164.	0.5590E-15
1213.	0.6142E-15
1263.	0.6729E-15
1314.	0.7343E-15
1366.	0.8003E-15
1419.	0.8687E-15
1473.	0.9416E-15
1528.	0.1018E-14
1584.	0.1097E-14
1641.	0.1180E-14
1699.	0.1268E-14
1758.	0.1359E-14
1818.	0.1456E-14
1879.	0.1553E-14
1941.	0.1659E-14
2005.	0.1767E-14
2069.	0.1878E-14
2134.	0.1994E-14
2200.	0.2115E-14
2267.	0.2237E-14
2335.	0.2367E-14
2404.	0.2501E-14
2475.	0.2638E-14
2546.	0.2776E-14
2618.	0.2925E-14
2691.	0.3074E-14
2765.	0.3230E-14
2841.	0.3390E-14
2917.	0.3554E-14
2994.	0.3721E-14
3072.	0.3889E-14
3152.	0.4067E-14
3232.	0.4250E-14
3313.	0.4436E-14
3396.	0.4621E-14
3479.	0.4816E-14
3563.	0.5011E-14
3649.	0.5207E-14
3735.	0.5408E-14
3822.	0.5612E-14
3911.	0.5824E-14
4000.	0.6037E-14


C16   H2    Excitation    13.86 eV                              
E/N (Td)	Rate coefficient (m3/s)
0.5000	0.000
1.005	0.000
2.520	0.000
5.044	0.000
8.579	0.000
13.12	0.000
18.68	0.000
25.24	0.000
32.82	0.000
41.40	0.000
50.99	0.000
61.60	0.000
73.21	0.000
85.83	0.000
99.47	0.000
114.1	0.000
129.8	0.000
146.4	0.000
164.1	0.000
182.8	0.000
202.5	0.4292E-36
223.2	0.3050E-28
244.9	0.2843E-27
267.6	0.1856E-26
291.3	0.9808E-26
316.1	0.4153E-25
341.8	0.1482E-24
368.6	0.4581E-24
396.4	0.1255E-23
425.1	0.3105E-23
454.9	0.7033E-23
485.7	0.1478E-22
517.5	0.2906E-22
550.4	0.5397E-22
584.2	0.9533E-22
619.0	0.1609E-21
654.9	0.2612E-21
691.7	0.4094E-21
729.6	0.6214E-21
768.5	0.9171E-21
808.4	0.1319E-20
849.3	0.1855E-20
891.2	0.2554E-20
934.1	0.3449E-20
978.0	0.4578E-20
1023.	0.5982E-20
1069.	0.7699E-20
1116.	0.9781E-20
1164.	0.1227E-19
1213.	0.1522E-19
1263.	0.1867E-19
1314.	0.2267E-19
1366.	0.2731E-19
1419.	0.3257E-19
1473.	0.3857E-19
1528.	0.4531E-19
1584.	0.5285E-19
1641.	0.6120E-19
1699.	0.7053E-19
1758.	0.8069E-19
1818.	0.9234E-19
1879.	0.1040E-18
1941.	0.1177E-18
2005.	0.1320E-18
2069.	0.1472E-18
2134.	0.1635E-18
2200.	0.1810E-18
2267.	0.1992E-18
2335.	0.2188E-18
2404.	0.2394E-18
2475.	0.2608E-18
2546.	0.2830E-18
2618.	0.3066E-18
2691.	0.3308E-18
2765.	0.3561E-18
2841.	0.3819E-18
2917.	0.4088E-18
2994.	0.4360E-18
3072.	0.4633E-18
3152.	0.4919E-18
3232.	0.5210E-18
3313.	0.5504E-18
3396.	0.5796E-18
3479.	0.6094E-18
3563.	0.6390E-18
3649.	0.6681E-18
3735.	0.6974E-18
3822.	0.7265E-18
3911.	0.7559E-18
4000.	0.7846E-18


C17   H2    Excitation    14.00 eV                              
E/N (Td)	Rate coefficient (m3/s)
0.5000	0.000
1.005	0.000
2.520	0.000
5.044	0.000
8.579	0.000
13.12	0.000
18.68	0.000
25.24	0.000
32.82	0.000
41.40	0.000
50.99	0.000
61.60	0.000
73.21	0.000
85.83	0.000
99.47	0.2436E-27
114.1	0.1318E-24
129.8	0.4255E-23
146.4	0.6534E-22
164.1	0.5662E-21
182.8	0.3147E-20
202.5	0.1233E-19
223.2	0.3775E-19
244.9	0.9376E-19
267.6	0.1995E-18
291.3	0.3778E-18
316.1	0.6528E-18
341.8	0.1049E-17
368.6	0.1592E-17
396.4	0.2302E-17
425.1	0.3204E-17
454.9	0.4312E-17
485.7	0.5645E-17
517.5	0.7213E-17
550.4	0.9031E-17
584.2	0.1111E-16
619.0	0.1345E-16
654.9	0.1605E-16
691.7	0.1892E-16
729.6	0.2207E-16
768.5	0.2546E-16
808.4	0.2912E-16
849.3	0.3306E-16
891.2	0.3720E-16
934.1	0.4161E-16
978.0	0.4623E-16
1023.	0.5109E-16
1069.	0.5612E-16
1116.	0.6136E-16
1164.	0.6681E-16
1213.	0.7239E-16
1263.	0.7814E-16
1314.	0.8397E-16
1366.	0.9004E-16
1419.	0.9609E-16
1473.	0.1023E-15
1528.	0.1086E-15
1584.	0.1149E-15
1641.	0.1213E-15
1699.	0.1278E-15
1758.	0.1342E-15
1818.	0.1407E-15
1879.	0.1471E-15
1941.	0.1535E-15
2005.	0.1600E-15
2069.	0.1662E-15
2134.	0.1725E-15
2200.	0.1787E-15
2267.	0.1846E-15
2335.	0.1907E-15
2404.	0.1967E-15
2475.	0.2023E-15
2546.	0.2077E-15
2618.	0.2133E-15
2691.	0.2184E-15
2765.	0.2236E-15
2841.	0.2285E-15
2917.	0.2333E-15
2994.	0.2377E-15
3072.	0.2417E-15
3152.	0.2459E-15
3232.	0.2498E-15
3313.	0.2535E-15
3396.	0.2567E-15
3479.	0.2598E-15
3563.	0.2626E-15
3649.	0.2651E-15
3735.	0.2672E-15
3822.	0.2691E-15
3911.	0.2711E-15
4000.	0.2727E-15


C18   H2    Excitation    15.00 eV                              
E/N (Td)	Rate coefficient (m3/s)
0.5000	0.000
1.005	0.000
2.520	0.000
5.044	0.000
8.579	0.000
13.12	0.000
18.68	0.000
25.24	0.000
32.82	0.000
41.40	0.000
50.99	0.000
61.60	0.000
73.21	0.000
85.83	0.000
99.47	0.000
114.1	0.3242E-31
129.8	0.3220E-26
146.4	0.1393E-24
164.1	0.2397E-23
182.8	0.2298E-22
202.5	0.1204E-21
223.2	0.6802E-21
244.9	0.2418E-20
267.6	0.7029E-20
291.3	0.1763E-19
316.1	0.3914E-19
341.8	0.7885E-19
368.6	0.1467E-18
396.4	0.2553E-18
425.1	0.4209E-18
454.9	0.6617E-18
485.7	0.9998E-18
517.5	0.1459E-17
550.4	0.2066E-17
584.2	0.2851E-17
619.0	0.3843E-17
654.9	0.5075E-17
691.7	0.6585E-17
729.6	0.8405E-17
768.5	0.1057E-16
808.4	0.1312E-16
849.3	0.1610E-16
891.2	0.1954E-16
934.1	0.2348E-16
978.0	0.2796E-16
1023.	0.3304E-16
1069.	0.3873E-16
1116.	0.4509E-16
1164.	0.5218E-16
1213.	0.6000E-16
1263.	0.6863E-16
1314.	0.7805E-16
1366.	0.8844E-16
1419.	0.9965E-16
1473.	0.1119E-15
1528.	0.1251E-15
1584.	0.1394E-15
1641.	0.1547E-15
1699.	0.1714E-15
1758.	0.1890E-15
1818.	0.2086E-15
1879.	0.2281E-15
1941.	0.2503E-15
2005.	0.2735E-15
2069.	0.2976E-15
2134.	0.3234E-15
2200.	0.3509E-15
2267.	0.3793E-15
2335.	0.4099E-15
2404.	0.4421E-15
2475.	0.4756E-15
2546.	0.5103E-15
2618.	0.5479E-15
2691.	0.5864E-15
2765.	0.6271E-15
2841.	0.6693E-15
2917.	0.7137E-15
2994.	0.7595E-15
3072.	0.8063E-15
3152.	0.8562E-15
3232.	0.9081E-15
3313.	0.9618E-15
3396.	0.1016E-14
3479.	0.1074E-14
3563.	0.1132E-14
3649.	0.1192E-14
3735.	0.1254E-14
3822.	0.1317E-14
3911.	0.1383E-14
4000.	0.1451E-14


C19   H2    Excitation    15.20 eV                              
E/N (Td)	Rate coefficient (m3/s)
0.5000	0.000
1.005	0.000
2.520	0.000
5.044	0.000
8.579	0.000
13.12	0.000
18.68	0.000
25.24	0.000
32.82	0.000
41.40	0.000
50.99	0.000
61.60	0.000
73.21	0.000
85.83	0.000
99.47	0.000
114.1	0.3314E-27
129.8	0.3124E-25
146.4	0.8445E-24
164.1	0.1145E-22
182.8	0.9264E-22
202.5	0.4609E-21
223.2	0.2089E-20
244.9	0.6726E-20
267.6	0.1802E-19
291.3	0.4214E-19
316.1	0.8822E-19
341.8	0.1691E-18
368.6	0.3016E-18
396.4	0.5069E-18
425.1	0.8113E-18
454.9	0.1245E-17
485.7	0.1842E-17
517.5	0.2642E-17
550.4	0.3691E-17
584.2	0.5037E-17
619.0	0.6730E-17
654.9	0.8827E-17
691.7	0.1139E-16
729.6	0.1448E-16
768.5	0.1816E-16
808.4	0.2252E-16
849.3	0.2761E-16
891.2	0.3351E-16
934.1	0.4029E-16
978.0	0.4804E-16
1023.	0.5687E-16
1069.	0.6679E-16
1116.	0.7794E-16
1164.	0.9042E-16
1213.	0.1042E-15
1263.	0.1196E-15
1314.	0.1364E-15
1366.	0.1550E-15
1419.	0.1752E-15
1473.	0.1973E-15
1528.	0.2213E-15
1584.	0.2472E-15
1641.	0.2751E-15
1699.	0.3056E-15
1758.	0.3379E-15
1818.	0.3740E-15
1879.	0.4099E-15
1941.	0.4510E-15
2005.	0.4938E-15
2069.	0.5386E-15
2134.	0.5864E-15
2200.	0.6375E-15
2267.	0.6903E-15
2335.	0.7471E-15
2404.	0.8072E-15
2475.	0.8695E-15
2546.	0.9342E-15
2618.	0.1004E-14
2691.	0.1076E-14
2765.	0.1151E-14
2841.	0.1230E-14
2917.	0.1313E-14
2994.	0.1398E-14
3072.	0.1484E-14
3152.	0.1577E-14
3232.	0.1673E-14
3313.	0.1772E-14
3396.	0.1873E-14
3479.	0.1978E-14
3563.	0.2086E-14
3649.	0.2195E-14
3735.	0.2309E-14
3822.	0.2425E-14
3911.	0.2545E-14
4000.	0.2668E-14


C20   H2    Ionization    15.40 eV                              
E/N (Td)	Rate coefficient (m3/s)
0.5000	0.000
1.005	0.000
2.520	0.000
5.044	0.000
8.579	0.000
13.12	0.000
18.68	0.000
25.24	0.000
32.82	0.000
41.40	0.000
50.99	0.000
61.60	0.000
73.21	0.000
85.83	0.000
99.47	0.000
114.1	0.9628E-26
129.8	0.5421E-24
146.4	0.1207E-22
164.1	0.1421E-21
182.8	0.1026E-20
202.5	0.4826E-20
223.2	0.1912E-19
244.9	0.5712E-19
267.6	0.1434E-18
291.3	0.3162E-18
316.1	0.6283E-18
341.8	0.1150E-17
368.6	0.1967E-17
396.4	0.3184E-17
425.1	0.4926E-17
454.9	0.7327E-17
485.7	0.1055E-16
517.5	0.1474E-16
550.4	0.2012E-16
584.2	0.2686E-16
619.0	0.3519E-16
654.9	0.4530E-16
691.7	0.5747E-16
729.6	0.7192E-16
768.5	0.8887E-16
808.4	0.1086E-15
849.3	0.1315E-15
891.2	0.1576E-15
934.1	0.1874E-15
978.0	0.2211E-15
1023.	0.2591E-15
1069.	0.3014E-15
1116.	0.3486E-15
1164.	0.4011E-15
1213.	0.4588E-15
1263.	0.5223E-15
1314.	0.5916E-15
1366.	0.6680E-15
1419.	0.7503E-15
1473.	0.8403E-15
1528.	0.9374E-15
1584.	0.1042E-14
1641.	0.1154E-14
1699.	0.1276E-14
1758.	0.1406E-14
1818.	0.1549E-14
1879.	0.1693E-14
1941.	0.1856E-14
2005.	0.2026E-14
2069.	0.2204E-14
2134.	0.2393E-14
2200.	0.2596E-14
2267.	0.2805E-14
2335.	0.3030E-14
2404.	0.3268E-14
2475.	0.3515E-14
2546.	0.3771E-14
2618.	0.4048E-14
2691.	0.4332E-14
2765.	0.4633E-14
2841.	0.4945E-14
2917.	0.5274E-14
2994.	0.5612E-14
3072.	0.5959E-14
3152.	0.6328E-14
3232.	0.6712E-14
3313.	0.7110E-14
3396.	0.7514E-14
3479.	0.7940E-14
3563.	0.8375E-14
3649.	0.8817E-14
3735.	0.9276E-14
3822.	0.9747E-14
3911.	0.1024E-13
4000.	0.1074E-13


C21   H2    Excitation    16.60 eV                              
E/N (Td)	Rate coefficient (m3/s)
0.5000	0.000
1.005	0.000
2.520	0.000
5.044	0.000
8.579	0.000
13.12	0.000
18.68	0.000
25.24	0.000
32.82	0.000
41.40	0.000
50.99	0.000
61.60	0.000
73.21	0.000
85.83	0.000
99.47	0.000
114.1	0.5700E-29
129.8	0.1796E-26
146.4	0.5925E-25
164.1	0.8942E-24
182.8	0.7830E-23
202.5	0.4036E-22
223.2	0.1957E-21
244.9	0.6512E-21
267.6	0.1785E-20
291.3	0.4234E-20
316.1	0.8933E-20
341.8	0.1716E-19
368.6	0.3055E-19
396.4	0.5103E-19
425.1	0.8093E-19
454.9	0.1227E-18
485.7	0.1791E-18
517.5	0.2530E-18
550.4	0.3474E-18
584.2	0.4655E-18
619.0	0.6103E-18
654.9	0.7846E-18
691.7	0.9921E-18
729.6	0.1235E-17
768.5	0.1517E-17
808.4	0.1840E-17
849.3	0.2209E-17
891.2	0.2623E-17
934.1	0.3087E-17
978.0	0.3603E-17
1023.	0.4175E-17
1069.	0.4801E-17
1116.	0.5487E-17
1164.	0.6236E-17
1213.	0.7046E-17
1263.	0.7923E-17
1314.	0.8862E-17
1366.	0.9882E-17
1419.	0.1096E-16
1473.	0.1213E-16
1528.	0.1336E-16
1584.	0.1467E-16
1641.	0.1605E-16
1699.	0.1754E-16
1758.	0.1909E-16
1818.	0.2079E-16
1879.	0.2247E-16
1941.	0.2435E-16
2005.	0.2629E-16
2069.	0.2829E-16
2134.	0.3041E-16
2200.	0.3265E-16
2267.	0.3494E-16
2335.	0.3737E-16
2404.	0.3994E-16
2475.	0.4256E-16
2546.	0.4527E-16
2618.	0.4818E-16
2691.	0.5114E-16
2765.	0.5425E-16
2841.	0.5746E-16
2917.	0.6081E-16
2994.	0.6425E-16
3072.	0.6773E-16
3152.	0.7145E-16
3232.	0.7529E-16
3313.	0.7924E-16
3396.	0.8324E-16
3479.	0.8743E-16
3563.	0.9169E-16
3649.	0.9600E-16
3735.	0.1005E-15
3822.	0.1050E-15
3911.	0.1097E-15
4000.	0.1146E-15


H                                                               
E/N (Td)	Inelastic energy loss coefficient (eV m3/s)
0.5000	0.000
1.005	0.000
2.520	0.000
5.044	0.000
8.579	0.000
13.12	0.000
18.68	0.000
25.24	0.000
32.82	0.000
41.40	0.000
50.99	0.000
61.60	0.000
73.21	0.000
85.83	0.5126E-22
99.47	0.3979E-20
114.1	0.9405E-19
129.8	0.1070E-17
146.4	0.6976E-17
164.1	0.2963E-16
182.8	0.9028E-16
202.5	0.2136E-15
223.2	0.4178E-15
244.9	0.7102E-15
267.6	0.1089E-14
291.3	0.1548E-14
316.1	0.2081E-14
341.8	0.2681E-14
368.6	0.3345E-14
396.4	0.4070E-14
425.1	0.4857E-14
454.9	0.5703E-14
485.7	0.6609E-14
517.5	0.7575E-14
550.4	0.8604E-14
584.2	0.9701E-14
619.0	0.1087E-13
654.9	0.1209E-13
691.7	0.1339E-13
729.6	0.1477E-13
768.5	0.1621E-13
808.4	0.1774E-13
849.3	0.1935E-13
891.2	0.2102E-13
934.1	0.2280E-13
978.0	0.2465E-13
1023.	0.2660E-13
1069.	0.2863E-13
1116.	0.3077E-13
1164.	0.3300E-13
1213.	0.3533E-13
1263.	0.3777E-13
1314.	0.4028E-13
1366.	0.4295E-13
1419.	0.4568E-13
1473.	0.4857E-13
1528.	0.5155E-13
1584.	0.5465E-13
1641.	0.5784E-13
1699.	0.6123E-13
1758.	0.6470E-13
1818.	0.6837E-13
1879.	0.7204E-13
1941.	0.7598E-13
2005.	0.8004E-13
2069.	0.8415E-13
2134.	0.8848E-13
2200.	0.9298E-13
2267.	0.9749E-13
2335.	0.1023E-12
2404.	0.1073E-12
2475.	0.1123E-12
2546.	0.1174E-12
2618.	0.1228E-12
2691.	0.1283E-12
2765.	0.1340E-12
2841.	0.1399E-12
2917.	0.1459E-12
2994.	0.1521E-12
3072.	0.1582E-12
3152.	0.1648E-12
3232.	0.1714E-12
3313.	0.1783E-12
3396.	0.1851E-12
3479.	0.1922E-12
3563.	0.1994E-12
3649.	0.2066E-12
3735.	0.2140E-12
3822.	0.2215E-12
3911.	0.2293E-12
4000.	0.2372E-12


H2                                                              
E/N (Td)	Inelastic energy loss coefficient (eV m3/s)
0.5000	0.6879E-18
1.005	0.6927E-18
2.520	0.7269E-18
5.044	0.8531E-18
8.579	0.1197E-17
13.12	0.2016E-17
18.68	0.3856E-17
25.24	0.7860E-17
32.82	0.1602E-16
41.40	0.3105E-16
50.99	0.5626E-16
61.60	0.9559E-16
73.21	0.1536E-15
85.83	0.2352E-15
99.47	0.3459E-15
114.1	0.4912E-15
129.8	0.6759E-15
146.4	0.9040E-15
164.1	0.1177E-14
182.8	0.1494E-14
202.5	0.1855E-14
223.2	0.2263E-14
244.9	0.2720E-14
267.6	0.3233E-14
291.3	0.3808E-14
316.1	0.4451E-14
341.8	0.5170E-14
368.6	0.5969E-14
396.4	0.6855E-14
425.1	0.7835E-14
454.9	0.8913E-14
485.7	0.1010E-13
517.5	0.1138E-13
550.4	0.1279E-13
584.2	0.1432E-13
619.0	0.1597E-13
654.9	0.1775E-13
691.7	0.1968E-13
729.6	0.2174E-13
768.5	0.2395E-13
808.4	0.2632E-13
849.3	0.2886E-13
891.2	0.3154E-13
934.1	0.3441E-13
978.0	0.3745E-13
1023.	0.4068E-13
1069.	0.4408E-13
1116.	0.4770E-13
1164.	0.5152E-13
1213.	0.5554E-13
1263.	0.5977E-13
1314.	0.6419E-13
1366.	0.6891E-13
1419.	0.7378E-13
1473.	0.7897E-13
1528.	0.8435E-13
1584.	0.8998E-13
1641.	0.9583E-13
1699.	0.1021E-12
1758.	0.1085E-12
1818.	0.1153E-12
1879.	0.1222E-12
1941.	0.1296E-12
2005.	0.1373E-12
2069.	0.1451E-12
2134.	0.1533E-12
2200.	0.1619E-12
2267.	0.1705E-12
2335.	0.1798E-12
2404.	0.1894E-12
2475.	0.1991E-12
2546.	0.2090E-12
2618.	0.2197E-12
2691.	0.2304E-12
2765.	0.2416E-12
2841.	0.2532E-12
2917.	0.2651E-12
2994.	0.2773E-12
3072.	0.2895E-12
3152.	0.3025E-12
3232.	0.3159E-12
3313.	0.3295E-12
3396.	0.3432E-12
3479.	0.3576E-12
3563.	0.3721E-12
3649.	0.3867E-12
3735.	0.4017E-12
3822.	0.4170E-12
3911.	0.4328E-12
4000.	0.4489E-12


