Angular field frequency / N (m3/s)        0.1500E-13
Gas temperature (K)                        3000.    
Ionization degree                          0.000    
Electron density (1/m3)                   0.5000E+19
Wave number / N (m2)                       0.000    
Longitudinal diffusion                     0.000    
Energy sharing                             1.000    
Growth model                               1.000    
Maxwellian mean energy (eV)                0.000    
# of grid points                           100.0    
Grid type                                  3.000    
Precision                                 0.1000E-12
Convergence                               0.1000E-04
Maximum # of iterations                    100.0    
Mole fraction Ar                          0.9800    
Mole fraction H                            0.000    
Mole fraction H2                          0.2000E-01


Energy (eV) 	Electric field / N (Td)                                         
0.9224E-01	0.1000E-02
0.1664	0.4817
0.7690	1.924
1.725	4.327
3.104	7.692
4.206	12.02
4.786	17.31
5.127	23.55
5.373	30.77
5.578	38.94
5.762	48.07
5.935	58.16
6.099	69.22
6.258	81.24
6.412	94.22
6.563	108.2
6.711	123.1
6.857	138.9
7.002	155.7
7.146	173.5
7.290	192.3
7.435	212.0
7.582	232.7
7.730	254.3
7.880	276.9
8.034	300.4
8.191	324.9
8.350	350.4
8.515	376.9
8.683	404.3
8.856	432.6
9.034	461.9
9.217	492.2
9.405	523.5
9.602	555.7
9.800	588.8
10.01	623.0
10.22	658.1
10.44	694.1
10.67	731.1
10.91	769.1
11.15	808.0
11.40	847.9
11.66	888.8
11.92	930.6
12.20	973.4
12.48	1017.
12.77	1062.
13.07	1108.
13.38	1154.
13.71	1202.
14.03	1250.
14.36	1300.
14.72	1350.
15.09	1402.
15.45	1454.
15.82	1507.
16.22	1562.
16.62	1617.
17.04	1673.
17.46	1730.
17.89	1789.
18.34	1848.
18.80	1908.
19.28	1969.
19.74	2031.
20.24	2094.
20.76	2158.
21.27	2223.
21.80	2289.
22.35	2355.
22.92	2423.
23.47	2492.
24.06	2562.
24.67	2632.
25.28	2704.
25.89	2776.
26.52	2850.
27.19	2925.
27.88	3000.


Energy (eV) 	Maximum energy                                                  
0.9224E-01	2.555
0.1664	4.123
0.7690	10.48
1.725	17.44
3.104	16.42
4.206	24.54
4.786	52.70
5.127	23.81
5.373	26.44
5.578	29.42
5.762	32.64
5.935	35.50
6.099	39.17
6.258	42.38
6.412	46.74
6.563	50.45
6.711	55.59
6.857	60.99
7.002	66.30
7.146	72.07
7.290	78.63
7.435	83.46
7.582	91.33
7.730	97.01
7.880	106.4
8.034	113.1
8.191	124.4
8.350	132.3
8.515	140.6
8.683	154.9
8.856	164.8
9.034	175.3
9.217	186.0
9.405	205.6
9.602	218.5
9.800	232.0
10.01	246.4
10.22	261.7
10.44	290.8
10.67	309.0
10.91	328.4
11.15	349.1
11.40	371.0
11.66	394.5
11.92	419.7
12.20	446.3
12.48	474.5
12.77	533.2
13.07	567.3
13.38	603.7
13.71	642.5
14.03	684.2
14.36	729.1
14.72	776.8
15.09	827.4
15.45	879.7
15.82	934.6
16.22	993.1
16.62	1055.
17.04	1121.
17.46	1191.
17.89	1360.
18.34	1449.
18.80	1543.
19.28	1644.
19.74	1752.
20.24	1866.
20.76	1989.
21.27	2124.
21.80	2264.
22.35	2419.
22.92	2583.
23.47	2756.
24.06	2943.
24.67	3140.
25.28	3357.
25.89	3589.
26.52	3840.
27.19	4104.
27.88	4386.


Energy (eV)	Mean energy (eV)
0.9224E-01	0.9224E-01
0.1664	0.1664
0.7690	0.7690
1.725	1.725
3.104	3.104
4.206	4.206
4.786	4.786
5.127	5.127
5.373	5.373
5.578	5.578
5.762	5.762
5.935	5.935
6.099	6.099
6.258	6.258
6.412	6.412
6.563	6.563
6.711	6.711
6.857	6.857
7.002	7.002
7.146	7.146
7.290	7.290
7.435	7.435
7.582	7.582
7.730	7.730
7.880	7.880
8.034	8.034
8.191	8.191
8.350	8.350
8.515	8.515
8.683	8.683
8.856	8.856
9.034	9.034
9.217	9.217
9.405	9.405
9.602	9.602
9.800	9.800
10.01	10.01
10.22	10.22
10.44	10.44
10.67	10.67
10.91	10.91
11.15	11.15
11.40	11.40
11.66	11.66
11.92	11.92
12.20	12.20
12.48	12.48
12.77	12.77
13.07	13.07
13.38	13.38
13.71	13.71
14.03	14.03
14.36	14.36
14.72	14.72
15.09	15.09
15.45	15.45
15.82	15.82
16.22	16.22
16.62	16.62
17.04	17.04
17.46	17.46
17.89	17.89
18.34	18.34
18.80	18.80
19.28	19.28
19.74	19.74
20.24	20.24
20.76	20.76
21.27	21.27
21.80	21.80
22.35	22.35
22.92	22.92
23.47	23.47
24.06	24.06
24.67	24.67
25.28	25.28
25.89	25.89
26.52	26.52
27.19	27.19
27.88	27.88


Energy (eV)	Mobility x N (1/m/V/s)
0.9224E-01	0.1246E+25
0.1664	0.1409E+25
0.7690	0.4550E+25
1.725	0.3832E+25
3.104	0.2229E+25
4.206	0.1466E+25
4.786	0.1198E+25
5.127	0.1079E+25
5.373	0.1006E+25
5.578	0.9541E+24
5.762	0.9130E+24
5.935	0.8800E+24
6.099	0.8532E+24
6.258	0.8311E+24
6.412	0.8126E+24
6.563	0.7967E+24
6.711	0.7827E+24
6.857	0.7704E+24
7.002	0.7589E+24
7.146	0.7486E+24
7.290	0.7386E+24
7.435	0.7292E+24
7.582	0.7202E+24
7.730	0.7115E+24
7.880	0.7031E+24
8.034	0.6949E+24
8.191	0.6870E+24
8.350	0.6789E+24
8.515	0.6715E+24
8.683	0.6643E+24
8.856	0.6571E+24
9.034	0.6503E+24
9.217	0.6434E+24
9.405	0.6367E+24
9.602	0.6311E+24
9.800	0.6243E+24
10.01	0.6190E+24
10.22	0.6129E+24
10.44	0.6078E+24
10.67	0.6021E+24
10.91	0.5973E+24
11.15	0.5920E+24
11.40	0.5871E+24
11.66	0.5823E+24
11.92	0.5779E+24
12.20	0.5733E+24
12.48	0.5687E+24
12.77	0.5648E+24
13.07	0.5599E+24
13.38	0.5563E+24
13.71	0.5524E+24
14.03	0.5484E+24
14.36	0.5435E+24
14.72	0.5407E+24
15.09	0.5371E+24
15.45	0.5334E+24
15.82	0.5289E+24
16.22	0.5256E+24
16.62	0.5224E+24
17.04	0.5193E+24
17.46	0.5157E+24
17.89	0.5120E+24
18.34	0.5086E+24
18.80	0.5058E+24
19.28	0.5027E+24
19.74	0.4986E+24
20.24	0.4957E+24
20.76	0.4934E+24
21.27	0.4895E+24
21.80	0.4865E+24
22.35	0.4839E+24
22.92	0.4811E+24
23.47	0.4773E+24
24.06	0.4748E+24
24.67	0.4724E+24
25.28	0.4697E+24
25.89	0.4662E+24
26.52	0.4633E+24
27.19	0.4612E+24
27.88	0.4593E+24


Energy (eV)	Diffusion coefficient x N (1/m/s)
0.9224E-01	0.7629E+23
0.1664	0.1707E+24
0.7690	0.2353E+25
1.725	0.4789E+25
3.104	0.5628E+25
4.206	0.5621E+25
4.786	0.5527E+25
5.127	0.5463E+25
5.373	0.5422E+25
5.578	0.5390E+25
5.762	0.5363E+25
5.935	0.5340E+25
6.099	0.5320E+25
6.258	0.5302E+25
6.412	0.5287E+25
6.563	0.5275E+25
6.711	0.5265E+25
6.857	0.5257E+25
7.002	0.5250E+25
7.146	0.5247E+25
7.290	0.5244E+25
7.435	0.5245E+25
7.582	0.5245E+25
7.730	0.5248E+25
7.880	0.5252E+25
8.034	0.5258E+25
8.191	0.5265E+25
8.350	0.5270E+25
8.515	0.5281E+25
8.683	0.5292E+25
8.856	0.5304E+25
9.034	0.5318E+25
9.217	0.5334E+25
9.405	0.5347E+25
9.602	0.5370E+25
9.800	0.5386E+25
10.01	0.5413E+25
10.22	0.5434E+25
10.44	0.5463E+25
10.67	0.5489E+25
10.91	0.5522E+25
11.15	0.5553E+25
11.40	0.5586E+25
11.66	0.5621E+25
11.92	0.5662E+25
12.20	0.5703E+25
12.48	0.5746E+25
12.77	0.5797E+25
13.07	0.5840E+25
13.38	0.5896E+25
13.71	0.5951E+25
14.03	0.6005E+25
14.36	0.6054E+25
14.72	0.6132E+25
15.09	0.6200E+25
15.45	0.6266E+25
15.82	0.6325E+25
16.22	0.6402E+25
16.62	0.6486E+25
17.04	0.6572E+25
17.46	0.6655E+25
17.89	0.6735E+25
18.34	0.6826E+25
18.80	0.6928E+25
19.28	0.7029E+25
19.74	0.7116E+25
20.24	0.7225E+25
20.76	0.7346E+25
21.27	0.7442E+25
21.80	0.7555E+25
22.35	0.7679E+25
22.92	0.7801E+25
23.47	0.7905E+25
24.06	0.8039E+25
24.67	0.8180E+25
25.28	0.8314E+25
25.89	0.8437E+25
26.52	0.8576E+25
27.19	0.8738E+25
27.88	0.8908E+25


Energy (eV)	Longitudinal dif. coef. x N (1/m/s)
0.9224E-01	0.000
0.1664	0.000
0.7690	0.000
1.725	0.000
3.104	0.000
4.206	0.000
4.786	0.000
5.127	0.000
5.373	0.000
5.578	0.000
5.762	0.000
5.935	0.000
6.099	0.000
6.258	0.000
6.412	0.000
6.563	0.000
6.711	0.000
6.857	0.000
7.002	0.000
7.146	0.000
7.290	0.000
7.435	0.000
7.582	0.000
7.730	0.000
7.880	0.000
8.034	0.000
8.191	0.000
8.350	0.000
8.515	0.000
8.683	0.000
8.856	0.000
9.034	0.000
9.217	0.000
9.405	0.000
9.602	0.000
9.800	0.000
10.01	0.000
10.22	0.000
10.44	0.000
10.67	0.000
10.91	0.000
11.15	0.000
11.40	0.000
11.66	0.000
11.92	0.000
12.20	0.000
12.48	0.000
12.77	0.000
13.07	0.000
13.38	0.000
13.71	0.000
14.03	0.000
14.36	0.000
14.72	0.000
15.09	0.000
15.45	0.000
15.82	0.000
16.22	0.000
16.62	0.000
17.04	0.000
17.46	0.000
17.89	0.000
18.34	0.000
18.80	0.000
19.28	0.000
19.74	0.000
20.24	0.000
20.76	0.000
21.27	0.000
21.80	0.000
22.35	0.000
22.92	0.000
23.47	0.000
24.06	0.000
24.67	0.000
25.28	0.000
25.89	0.000
26.52	0.000
27.19	0.000
27.88	0.000


Energy (eV)	Energy mobility x N (1/m/V/s)
0.9224E-01	0.2060E+25
0.1664	0.3326E+25
0.7690	0.8298E+25
1.725	0.5538E+25
3.104	0.2838E+25
4.206	0.1849E+25
4.786	0.1533E+25
5.127	0.1395E+25
5.373	0.1316E+25
5.578	0.1262E+25
5.762	0.1220E+25
5.935	0.1186E+25
6.099	0.1158E+25
6.258	0.1135E+25
6.412	0.1115E+25
6.563	0.1098E+25
6.711	0.1083E+25
6.857	0.1070E+25
7.002	0.1058E+25
7.146	0.1047E+25
7.290	0.1037E+25
7.435	0.1028E+25
7.582	0.1020E+25
7.730	0.1012E+25
7.880	0.1005E+25
8.034	0.9980E+24
8.191	0.9914E+24
8.350	0.9848E+24
8.515	0.9787E+24
8.683	0.9730E+24
8.856	0.9671E+24
9.034	0.9618E+24
9.217	0.9561E+24
9.405	0.9506E+24
9.602	0.9462E+24
9.800	0.9402E+24
10.01	0.9358E+24
10.22	0.9305E+24
10.44	0.9260E+24
10.67	0.9206E+24
10.91	0.9162E+24
11.15	0.9110E+24
11.40	0.9063E+24
11.66	0.9012E+24
11.92	0.8965E+24
12.20	0.8918E+24
12.48	0.8867E+24
12.77	0.8824E+24
13.07	0.8768E+24
13.38	0.8726E+24
13.71	0.8676E+24
14.03	0.8629E+24
14.36	0.8571E+24
14.72	0.8532E+24
15.09	0.8483E+24
15.45	0.8437E+24
15.82	0.8383E+24
16.22	0.8340E+24
16.62	0.8291E+24
17.04	0.8247E+24
17.46	0.8200E+24
17.89	0.8157E+24
18.34	0.8106E+24
18.80	0.8065E+24
19.28	0.8024E+24
19.74	0.7969E+24
20.24	0.7927E+24
20.76	0.7894E+24
21.27	0.7841E+24
21.80	0.7797E+24
22.35	0.7760E+24
22.92	0.7722E+24
23.47	0.7671E+24
24.06	0.7633E+24
24.67	0.7599E+24
25.28	0.7560E+24
25.89	0.7518E+24
26.52	0.7475E+24
27.19	0.7444E+24
27.88	0.7414E+24


Energy (eV)	Energy diffusion coef. x N (1/m/s)
0.9224E-01	0.1419E+24
0.1664	0.4274E+24
0.7690	0.3937E+25
1.725	0.6029E+25
3.104	0.6022E+25
4.206	0.5613E+25
4.786	0.5393E+25
5.127	0.5270E+25
5.373	0.5196E+25
5.578	0.5142E+25
5.762	0.5101E+25
5.935	0.5070E+25
6.099	0.5047E+25
6.258	0.5030E+25
6.412	0.5019E+25
6.563	0.5014E+25
6.711	0.5012E+25
6.857	0.5017E+25
7.002	0.5024E+25
7.146	0.5038E+25
7.290	0.5054E+25
7.435	0.5074E+25
7.582	0.5099E+25
7.730	0.5127E+25
7.880	0.5159E+25
8.034	0.5195E+25
8.191	0.5235E+25
8.350	0.5276E+25
8.515	0.5326E+25
8.683	0.5378E+25
8.856	0.5434E+25
9.034	0.5495E+25
9.217	0.5559E+25
9.405	0.5626E+25
9.602	0.5705E+25
9.800	0.5777E+25
10.01	0.5865E+25
10.22	0.5950E+25
10.44	0.6046E+25
10.67	0.6139E+25
10.91	0.6244E+25
11.15	0.6349E+25
11.40	0.6460E+25
11.66	0.6575E+25
11.92	0.6698E+25
12.20	0.6824E+25
12.48	0.6953E+25
12.77	0.7095E+25
13.07	0.7229E+25
13.38	0.7382E+25
13.71	0.7531E+25
14.03	0.7689E+25
14.36	0.7839E+25
14.72	0.8019E+25
15.09	0.8191E+25
15.45	0.8370E+25
15.82	0.8543E+25
16.22	0.8737E+25
16.62	0.8930E+25
17.04	0.9135E+25
17.46	0.9338E+25
17.89	0.9555E+25
18.34	0.9764E+25
18.80	0.9992E+25
19.28	0.1023E+26
19.74	0.1044E+26
20.24	0.1069E+26
20.76	0.1095E+26
21.27	0.1119E+26
21.80	0.1144E+26
22.35	0.1172E+26
22.92	0.1200E+26
23.47	0.1225E+26
24.06	0.1254E+26
24.67	0.1284E+26
25.28	0.1314E+26
25.89	0.1344E+26
26.52	0.1374E+26
27.19	0.1408E+26
27.88	0.1442E+26


Energy (eV)	Imaginary mobility x N (1/m/V/s)
0.9224E-01	-0.1157E+26
0.1664	-0.1143E+26
0.7690	-0.6756E+25
1.725	-0.2416E+25
3.104	-0.8002E+24
4.206	-0.3846E+24
4.786	-0.2787E+24
5.127	-0.2310E+24
5.373	-0.1978E+24
5.578	-0.1728E+24
5.762	-0.1539E+24
5.935	-0.1398E+24
6.099	-0.1292E+24
6.258	-0.1210E+24
6.412	-0.1142E+24
6.563	-0.1084E+24
6.711	-0.1032E+24
6.857	-0.9850E+23
7.002	-0.9401E+23
7.146	-0.8979E+23
7.290	-0.8568E+23
7.435	-0.8182E+23
7.582	-0.7808E+23
7.730	-0.7458E+23
7.880	-0.7127E+23
8.034	-0.6813E+23
8.191	-0.6515E+23
8.350	-0.6228E+23
8.515	-0.5966E+23
8.683	-0.5718E+23
8.856	-0.5483E+23
9.034	-0.5265E+23
9.217	-0.5058E+23
9.405	-0.4860E+23
9.602	-0.4688E+23
9.800	-0.4511E+23
10.01	-0.4362E+23
10.22	-0.4209E+23
10.44	-0.4075E+23
10.67	-0.3941E+23
10.91	-0.3823E+23
11.15	-0.3707E+23
11.40	-0.3599E+23
11.66	-0.3497E+23
11.92	-0.3404E+23
12.20	-0.3315E+23
12.48	-0.3229E+23
12.77	-0.3153E+23
13.07	-0.3072E+23
13.38	-0.3005E+23
13.71	-0.2939E+23
14.03	-0.2873E+23
14.36	-0.2803E+23
14.72	-0.2756E+23
15.09	-0.2702E+23
15.45	-0.2648E+23
15.82	-0.2589E+23
16.22	-0.2542E+23
16.62	-0.2500E+23
17.04	-0.2459E+23
17.46	-0.2415E+23
17.89	-0.2369E+23
18.34	-0.2330E+23
18.80	-0.2296E+23
19.28	-0.2260E+23
19.74	-0.2217E+23
20.24	-0.2186E+23
20.76	-0.2159E+23
21.27	-0.2120E+23
21.80	-0.2089E+23
22.35	-0.2062E+23
22.92	-0.2033E+23
23.47	-0.1997E+23
24.06	-0.1973E+23
24.67	-0.1949E+23
25.28	-0.1923E+23
25.89	-0.1892E+23
26.52	-0.1866E+23
27.19	-0.1848E+23
27.88	-0.1831E+23


Energy (eV)	Total collision freq. / N (m3/s)
0.9224E-01	0.1962E-14
0.1664	0.1802E-14
0.7690	0.7843E-14
1.725	0.2340E-13
3.104	0.5470E-13
4.206	0.8543E-13
4.786	0.1032E-12
5.127	0.1139E-12
5.373	0.1216E-12
5.578	0.1279E-12
5.762	0.1334E-12
5.935	0.1384E-12
6.099	0.1430E-12
6.258	0.1473E-12
6.412	0.1514E-12
6.563	0.1552E-12
6.711	0.1589E-12
6.857	0.1623E-12
7.002	0.1656E-12
7.146	0.1688E-12
7.290	0.1718E-12
7.435	0.1747E-12
7.582	0.1776E-12
7.730	0.1804E-12
7.880	0.1831E-12
8.034	0.1858E-12
8.191	0.1884E-12
8.350	0.1910E-12
8.515	0.1936E-12
8.683	0.1961E-12
8.856	0.1986E-12
9.034	0.2011E-12
9.217	0.2036E-12
9.405	0.2060E-12
9.602	0.2085E-12
9.800	0.2109E-12
10.01	0.2133E-12
10.22	0.2157E-12
10.44	0.2181E-12
10.67	0.2204E-12
10.91	0.2227E-12
11.15	0.2251E-12
11.40	0.2273E-12
11.66	0.2296E-12
11.92	0.2319E-12
12.20	0.2341E-12
12.48	0.2363E-12
12.77	0.2386E-12
13.07	0.2407E-12
13.38	0.2429E-12
13.71	0.2451E-12
14.03	0.2471E-12
14.36	0.2491E-12
14.72	0.2513E-12
15.09	0.2535E-12
15.45	0.2554E-12
15.82	0.2573E-12
16.22	0.2593E-12
16.62	0.2614E-12
17.04	0.2634E-12
17.46	0.2653E-12
17.89	0.2671E-12
18.34	0.2690E-12
18.80	0.2709E-12
19.28	0.2727E-12
19.74	0.2745E-12
20.24	0.2763E-12
20.76	0.2781E-12
21.27	0.2798E-12
21.80	0.2815E-12
22.35	0.2833E-12
22.92	0.2849E-12
23.47	0.2865E-12
24.06	0.2882E-12
24.67	0.2898E-12
25.28	0.2914E-12
25.89	0.2929E-12
26.52	0.2944E-12
27.19	0.2960E-12
27.88	0.2975E-12


Energy (eV)	Effect. momentum freq. / N (m3/s)
0.9224E-01	0.1616E-14
0.1664	0.1849E-14
0.7690	0.1010E-13
1.725	0.2379E-13
3.104	0.4179E-13
4.206	0.5717E-13
4.786	0.6448E-13
5.127	0.7005E-13
5.373	0.7633E-13
5.578	0.8282E-13
5.762	0.8901E-13
5.935	0.9439E-13
6.099	0.9903E-13
6.258	0.1030E-12
6.412	0.1067E-12
6.563	0.1102E-12
6.711	0.1137E-12
6.857	0.1173E-12
7.002	0.1211E-12
7.146	0.1251E-12
7.290	0.1293E-12
7.435	0.1337E-12
7.582	0.1384E-12
7.730	0.1431E-12
7.880	0.1480E-12
8.034	0.1530E-12
8.191	0.1582E-12
8.350	0.1635E-12
8.515	0.1688E-12
8.683	0.1743E-12
8.856	0.1798E-12
9.034	0.1853E-12
9.217	0.1908E-12
9.405	0.1965E-12
9.602	0.2019E-12
9.800	0.2076E-12
10.01	0.2129E-12
10.22	0.2184E-12
10.44	0.2237E-12
10.67	0.2292E-12
10.91	0.2343E-12
11.15	0.2395E-12
11.40	0.2447E-12
11.66	0.2498E-12
11.92	0.2546E-12
12.20	0.2594E-12
12.48	0.2642E-12
12.77	0.2687E-12
13.07	0.2734E-12
13.38	0.2776E-12
13.71	0.2820E-12
14.03	0.2863E-12
14.36	0.2909E-12
14.72	0.2943E-12
15.09	0.2982E-12
15.45	0.3021E-12
15.82	0.3064E-12
16.22	0.3101E-12
16.62	0.3134E-12
17.04	0.3168E-12
17.46	0.3203E-12
17.89	0.3241E-12
18.34	0.3275E-12
18.80	0.3305E-12
19.28	0.3336E-12
19.74	0.3373E-12
20.24	0.3402E-12
20.76	0.3428E-12
21.27	0.3463E-12
21.80	0.3494E-12
22.35	0.3521E-12
22.92	0.3549E-12
23.47	0.3585E-12
24.06	0.3610E-12
24.67	0.3635E-12
25.28	0.3663E-12
25.89	0.3696E-12
26.52	0.3724E-12
27.19	0.3745E-12
27.88	0.3763E-12


Energy (eV)	Effect. mom. transfer fraction
0.9224E-01	0.9977
0.1664	0.9894
0.7690	0.8375
1.725	0.7244
3.104	0.5980
4.206	0.5092
4.786	0.4631
5.127	0.4494
5.373	0.4537
5.578	0.4640
5.762	0.4751
5.935	0.4842
6.099	0.4914
6.258	0.4972
6.412	0.5028
6.563	0.5084
6.711	0.5150
6.857	0.5223
7.002	0.5305
7.146	0.5400
7.290	0.5502
7.435	0.5612
7.582	0.5733
7.730	0.5852
7.880	0.5976
8.034	0.6103
8.191	0.6233
8.350	0.6365
8.515	0.6497
8.683	0.6630
8.856	0.6762
9.034	0.6895
9.217	0.7024
9.405	0.7155
9.602	0.7285
9.800	0.7406
10.01	0.7530
10.22	0.7648
10.44	0.7767
10.67	0.7879
10.91	0.7990
11.15	0.8094
11.40	0.8200
11.66	0.8299
11.92	0.8394
12.20	0.8485
12.48	0.8571
12.77	0.8655
13.07	0.8730
13.38	0.8807
13.71	0.8882
14.03	0.8952
14.36	0.9011
14.72	0.9072
15.09	0.9129
15.45	0.9185
15.82	0.9238
16.22	0.9288
16.62	0.9331
17.04	0.9373
17.46	0.9413
17.89	0.9455
18.34	0.9490
18.80	0.9524
19.28	0.9554
19.74	0.9581
20.24	0.9607
20.76	0.9633
21.27	0.9657
21.80	0.9681
22.35	0.9704
22.92	0.9726
23.47	0.9745
24.06	0.9763
24.67	0.9781
25.28	0.9798
25.89	0.9815
26.52	0.9825
27.19	0.9835
27.88	0.9844


Energy (eV)	Temporal growth coef. (m3/s)
0.9224E-01	0.000
0.1664	0.000
0.7690	0.000
1.725	0.1538E-33
3.104	0.7251E-28
4.206	0.1326E-23
4.786	0.3637E-21
5.127	0.7571E-20
5.373	0.7543E-19
5.578	0.3908E-18
5.762	0.1367E-17
5.935	0.3669E-17
6.099	0.8184E-17
6.258	0.1593E-16
6.412	0.2801E-16
6.563	0.4552E-16
6.711	0.6954E-16
6.857	0.1012E-15
7.002	0.1414E-15
7.146	0.1912E-15
7.290	0.2516E-15
7.435	0.3236E-15
7.582	0.4081E-15
7.730	0.5059E-15
7.880	0.6180E-15
8.034	0.7454E-15
8.191	0.8888E-15
8.350	0.1049E-14
8.515	0.1227E-14
8.683	0.1424E-14
8.856	0.1640E-14
9.034	0.1877E-14
9.217	0.2134E-14
9.405	0.2413E-14
9.602	0.2718E-14
9.800	0.3040E-14
10.01	0.3393E-14
10.22	0.3766E-14
10.44	0.4169E-14
10.67	0.4592E-14
10.91	0.5048E-14
11.15	0.5526E-14
11.40	0.6034E-14
11.66	0.6568E-14
11.92	0.7134E-14
12.20	0.7726E-14
12.48	0.8345E-14
12.77	0.9000E-14
13.07	0.9669E-14
13.38	0.1038E-13
13.71	0.1112E-13
14.03	0.1189E-13
14.36	0.1266E-13
14.72	0.1350E-13
15.09	0.1436E-13
15.45	0.1523E-13
15.82	0.1612E-13
16.22	0.1706E-13
16.62	0.1802E-13
17.04	0.1901E-13
17.46	0.2002E-13
17.89	0.2104E-13
18.34	0.2210E-13
18.80	0.2320E-13
19.28	0.2431E-13
19.74	0.2540E-13
20.24	0.2656E-13
20.76	0.2776E-13
21.27	0.2891E-13
21.80	0.3012E-13
22.35	0.3137E-13
22.92	0.3262E-13
23.47	0.3383E-13
24.06	0.3513E-13
24.67	0.3644E-13
25.28	0.3776E-13
25.89	0.3904E-13
26.52	0.4036E-13
27.19	0.4174E-13
27.88	0.4315E-13


Energy (eV)	Spatial growth coef. (m2)
0.9224E-01	0.000
0.1664	0.000
0.7690	0.000
1.725	0.9277E-38
3.104	0.4228E-32
4.206	0.7528E-28
4.786	0.1754E-25
5.127	0.2979E-24
5.373	0.2436E-23
5.578	0.1052E-22
5.762	0.3114E-22
5.935	0.7169E-22
6.099	0.1386E-21
6.258	0.2360E-21
6.412	0.3659E-21
6.563	0.5282E-21
6.711	0.7220E-21
6.857	0.9452E-21
7.002	0.1196E-20
7.146	0.1472E-20
7.290	0.1772E-20
7.435	0.2093E-20
7.582	0.2435E-20
7.730	0.2796E-20
7.880	0.3175E-20
8.034	0.3570E-20
8.191	0.3982E-20
8.350	0.4408E-20
8.515	0.4849E-20
8.683	0.5303E-20
8.856	0.5770E-20
9.034	0.6248E-20
9.217	0.6738E-20
9.405	0.7239E-20
9.602	0.7750E-20
9.800	0.8271E-20
10.01	0.8799E-20
10.22	0.9337E-20
10.44	0.9881E-20
10.67	0.1043E-19
10.91	0.1099E-19
11.15	0.1155E-19
11.40	0.1212E-19
11.66	0.1269E-19
11.92	0.1327E-19
12.20	0.1384E-19
12.48	0.1443E-19
12.77	0.1501E-19
13.07	0.1559E-19
13.38	0.1617E-19
13.71	0.1675E-19
14.03	0.1734E-19
14.36	0.1792E-19
14.72	0.1849E-19
15.09	0.1907E-19
15.45	0.1964E-19
15.82	0.2021E-19
16.22	0.2078E-19
16.62	0.2133E-19
17.04	0.2188E-19
17.46	0.2243E-19
17.89	0.2298E-19
18.34	0.2351E-19
18.80	0.2404E-19
19.28	0.2456E-19
19.74	0.2508E-19
20.24	0.2559E-19
20.76	0.2608E-19
21.27	0.2657E-19
21.80	0.2705E-19
22.35	0.2752E-19
22.92	0.2798E-19
23.47	0.2844E-19
24.06	0.2888E-19
24.67	0.2931E-19
25.28	0.2973E-19
25.89	0.3016E-19
26.52	0.3056E-19
27.19	0.3094E-19
27.88	0.3131E-19


Energy (eV)	Power / N (eV m3/s)
0.9224E-01	0.1188E-18
0.1664	0.3391E-18
0.7690	0.9021E-17
1.725	0.3696E-16
3.104	0.6772E-16
4.206	0.1082E-15
4.786	0.1821E-15
5.127	0.3022E-15
5.373	0.4793E-15
5.578	0.7263E-15
5.762	0.1058E-14
5.935	0.1492E-14
6.099	0.2047E-14
6.258	0.2746E-14
6.412	0.3610E-14
6.563	0.4663E-14
6.711	0.5930E-14
6.857	0.7437E-14
7.002	0.9207E-14
7.146	0.1127E-13
7.290	0.1366E-13
7.435	0.1639E-13
7.582	0.1950E-13
7.730	0.2301E-13
7.880	0.2695E-13
8.034	0.3136E-13
8.191	0.3627E-13
8.350	0.4169E-13
8.515	0.4769E-13
8.683	0.5428E-13
8.856	0.6149E-13
9.034	0.6939E-13
9.217	0.7795E-13
9.405	0.8724E-13
9.602	0.9744E-13
9.800	0.1082E-12
10.01	0.1201E-12
10.22	0.1327E-12
10.44	0.1464E-12
10.67	0.1609E-12
10.91	0.1767E-12
11.15	0.1933E-12
11.40	0.2111E-12
11.66	0.2300E-12
11.92	0.2502E-12
12.20	0.2716E-12
12.48	0.2942E-12
12.77	0.3184E-12
13.07	0.3434E-12
13.38	0.3705E-12
13.71	0.3989E-12
14.03	0.4286E-12
14.36	0.4591E-12
14.72	0.4929E-12
15.09	0.5276E-12
15.45	0.5639E-12
15.82	0.6010E-12
16.22	0.6410E-12
16.62	0.6830E-12
17.04	0.7269E-12
17.46	0.7722E-12
17.89	0.8190E-12
18.34	0.8683E-12
18.80	0.9206E-12
19.28	0.9743E-12
19.74	0.1028E-11
20.24	0.1087E-11
20.76	0.1149E-11
21.27	0.1209E-11
21.80	0.1274E-11
22.35	0.1342E-11
22.92	0.1413E-11
23.47	0.1482E-11
24.06	0.1558E-11
24.67	0.1637E-11
25.28	0.1717E-11
25.89	0.1797E-11
26.52	0.1882E-11
27.19	0.1972E-11
27.88	0.2067E-11


Energy (eV)	Elastic power loss / N (eV m3/s)
0.9224E-01	0.2969E-19
0.1664	0.7876E-19
0.7690	0.1120E-17
1.725	0.4313E-17
3.104	0.1214E-16
4.206	0.2095E-16
4.786	0.2654E-16
5.127	0.3015E-16
5.373	0.3289E-16
5.578	0.3524E-16
5.762	0.3739E-16
5.935	0.3943E-16
6.099	0.4139E-16
6.258	0.4329E-16
6.412	0.4514E-16
6.563	0.4695E-16
6.711	0.4871E-16
6.857	0.5044E-16
7.002	0.5214E-16
7.146	0.5382E-16
7.290	0.5547E-16
7.435	0.5712E-16
7.582	0.5876E-16
7.730	0.6040E-16
7.880	0.6205E-16
8.034	0.6370E-16
8.191	0.6537E-16
8.350	0.6703E-16
8.515	0.6874E-16
8.683	0.7045E-16
8.856	0.7219E-16
9.034	0.7396E-16
9.217	0.7575E-16
9.405	0.7756E-16
9.602	0.7945E-16
9.800	0.8130E-16
10.01	0.8326E-16
10.22	0.8520E-16
10.44	0.8723E-16
10.67	0.8925E-16
10.91	0.9134E-16
11.15	0.9346E-16
11.40	0.9562E-16
11.66	0.9783E-16
11.92	0.1001E-15
12.20	0.1024E-15
12.48	0.1047E-15
12.77	0.1072E-15
13.07	0.1095E-15
13.38	0.1121E-15
13.71	0.1147E-15
14.03	0.1172E-15
14.36	0.1198E-15
14.72	0.1226E-15
15.09	0.1254E-15
15.45	0.1282E-15
15.82	0.1309E-15
16.22	0.1339E-15
16.62	0.1369E-15
17.04	0.1399E-15
17.46	0.1430E-15
17.89	0.1461E-15
18.34	0.1493E-15
18.80	0.1526E-15
19.28	0.1559E-15
19.74	0.1591E-15
20.24	0.1626E-15
20.76	0.1661E-15
21.27	0.1696E-15
21.80	0.1731E-15
22.35	0.1768E-15
22.92	0.1806E-15
23.47	0.1841E-15
24.06	0.1880E-15
24.67	0.1919E-15
25.28	0.1959E-15
25.89	0.1997E-15
26.52	0.2037E-15
27.19	0.2079E-15
27.88	0.2122E-15


Energy (eV)	Inelastic power loss / N (eV m3/s)
0.9224E-01	0.8900E-19
0.1664	0.2602E-18
0.7690	0.7900E-17
1.725	0.3264E-16
3.104	0.5557E-16
4.206	0.8727E-16
4.786	0.1555E-15
5.127	0.2720E-15
5.373	0.4460E-15
5.578	0.6888E-15
5.762	0.1013E-14
5.935	0.1431E-14
6.099	0.1956E-14
6.258	0.2603E-14
6.412	0.3385E-14
6.563	0.4318E-14
6.711	0.5414E-14
6.857	0.6693E-14
7.002	0.8165E-14
7.146	0.9854E-14
7.290	0.1177E-13
7.435	0.1392E-13
7.582	0.1634E-13
7.730	0.1904E-13
7.880	0.2202E-13
8.034	0.2531E-13
8.191	0.2893E-13
8.350	0.3287E-13
8.515	0.3717E-13
8.683	0.4185E-13
8.856	0.4690E-13
9.034	0.5236E-13
9.217	0.5820E-13
9.405	0.6447E-13
9.602	0.7126E-13
9.800	0.7836E-13
10.01	0.8608E-13
10.22	0.9414E-13
10.44	0.1028E-12
10.67	0.1118E-12
10.91	0.1215E-12
11.15	0.1316E-12
11.40	0.1422E-12
11.66	0.1533E-12
11.92	0.1651E-12
12.20	0.1773E-12
12.48	0.1900E-12
12.77	0.2033E-12
13.07	0.2169E-12
13.38	0.2314E-12
13.71	0.2463E-12
14.03	0.2617E-12
14.36	0.2771E-12
14.72	0.2940E-12
15.09	0.3110E-12
15.45	0.3284E-12
15.82	0.3458E-12
16.22	0.3643E-12
16.62	0.3833E-12
17.04	0.4028E-12
17.46	0.4225E-12
17.89	0.4424E-12
18.34	0.4629E-12
18.80	0.4842E-12
19.28	0.5057E-12
19.74	0.5267E-12
20.24	0.5490E-12
20.76	0.5722E-12
21.27	0.5943E-12
21.80	0.6174E-12
22.35	0.6412E-12
22.92	0.6651E-12
23.47	0.6881E-12
24.06	0.7127E-12
24.67	0.7377E-12
25.28	0.7626E-12
25.89	0.7868E-12
26.52	0.8117E-12
27.19	0.8378E-12
27.88	0.8643E-12


Energy (eV)	# of iterations
0.9224E-01	5.000
0.1664	6.000
0.7690	92.00
1.725	6.000
3.104	13.00
4.206	8.000
4.786	7.000
5.127	9.000
5.373	7.000
5.578	7.000
5.762	9.000
5.935	5.000
6.099	5.000
6.258	7.000
6.412	6.000
6.563	6.000
6.711	21.00
6.857	9.000
7.002	7.000
7.146	8.000
7.290	6.000
7.435	7.000
7.582	7.000
7.730	9.000
7.880	7.000
8.034	7.000
8.191	7.000
8.350	8.000
8.515	7.000
8.683	7.000
8.856	8.000
9.034	10.00
9.217	8.000
9.405	8.000
9.602	8.000
9.800	8.000
10.01	8.000
10.22	11.00
10.44	9.000
10.67	9.000
10.91	10.00
11.15	10.00
11.40	10.00
11.66	10.00
11.92	10.00
12.20	10.00
12.48	10.00
12.77	11.00
13.07	11.00
13.38	11.00
13.71	11.00
14.03	11.00
14.36	12.00
14.72	11.00
15.09	11.00
15.45	12.00
15.82	21.00
16.22	18.00
16.62	12.00
17.04	13.00
17.46	18.00
17.89	33.00
18.34	17.00
18.80	19.00
19.28	13.00
19.74	14.00
20.24	16.00
20.76	16.00
21.27	13.00
21.80	13.00
22.35	13.00
22.92	13.00
23.47	15.00
24.06	15.00
24.67	15.00
25.28	14.00
25.89	15.00
26.52	15.00
27.19	15.00
27.88	15.00


Energy (eV)	# of grid trials
0.9224E-01	2.000
0.1664	2.000
0.7690	2.000
1.725	2.000
3.104	1.000
4.206	2.000
4.786	4.000
5.127	1.000
5.373	1.000
5.578	1.000
5.762	1.000
5.935	1.000
6.099	1.000
6.258	1.000
6.412	1.000
6.563	1.000
6.711	1.000
6.857	1.000
7.002	1.000
7.146	1.000
7.290	1.000
7.435	1.000
7.582	1.000
7.730	1.000
7.880	1.000
8.034	1.000
8.191	1.000
8.350	1.000
8.515	1.000
8.683	1.000
8.856	1.000
9.034	1.000
9.217	1.000
9.405	1.000
9.602	1.000
9.800	1.000
10.01	1.000
10.22	1.000
10.44	1.000
10.67	1.000
10.91	1.000
11.15	1.000
11.40	1.000
11.66	1.000
11.92	1.000
12.20	1.000
12.48	1.000
12.77	1.000
13.07	1.000
13.38	1.000
13.71	1.000
14.03	1.000
14.36	1.000
14.72	1.000
15.09	1.000
15.45	1.000
15.82	1.000
16.22	1.000
16.62	1.000
17.04	1.000
17.46	1.000
17.89	1.000
18.34	1.000
18.80	1.000
19.28	1.000
19.74	1.000
20.24	1.000
20.76	1.000
21.27	1.000
21.80	1.000
22.35	1.000
22.92	1.000
23.47	1.000
24.06	1.000
24.67	1.000
25.28	1.000
25.89	1.000
26.52	1.000
27.19	1.000
27.88	1.000


Energy (eV)	Error code
0.9224E-01	0.000
0.1664	0.000
0.7690	0.000
1.725	0.000
3.104	0.000
4.206	0.000
4.786	0.000
5.127	0.000
5.373	0.000
5.578	0.000
5.762	0.000
5.935	0.000
6.099	0.000
6.258	0.000
6.412	0.000
6.563	0.000
6.711	0.000
6.857	0.000
7.002	0.000
7.146	0.000
7.290	0.000
7.435	0.000
7.582	0.000
7.730	0.000
7.880	0.000
8.034	0.000
8.191	0.000
8.350	0.000
8.515	0.000
8.683	0.000
8.856	0.000
9.034	0.000
9.217	0.000
9.405	0.000
9.602	0.000
9.800	0.000
10.01	0.000
10.22	0.000
10.44	0.000
10.67	0.000
10.91	0.000
11.15	0.000
11.40	0.000
11.66	0.000
11.92	0.000
12.20	0.000
12.48	0.000
12.77	0.000
13.07	0.000
13.38	0.000
13.71	0.000
14.03	0.000
14.36	0.000
14.72	0.000
15.09	0.000
15.45	0.000
15.82	0.000
16.22	0.000
16.62	0.000
17.04	0.000
17.46	0.000
17.89	0.000
18.34	0.000
18.80	0.000
19.28	0.000
19.74	0.000
20.24	0.000
20.76	0.000
21.27	0.000
21.80	0.000
22.35	0.000
22.92	0.000
23.47	0.000
24.06	0.000
24.67	0.000
25.28	0.000
25.89	0.000
26.52	0.000
27.19	0.000
27.88	0.000


C1    Ar    Elastic                                             
Energy (eV)	Rate coefficient (m3/s)
0.9224E-01	0.1646E-14
0.1664	0.1298E-14
0.7690	0.6356E-14
1.725	0.2124E-13
3.104	0.5267E-13
4.206	0.8392E-13
4.786	0.1020E-12
5.127	0.1130E-12
5.373	0.1208E-12
5.578	0.1272E-12
5.762	0.1328E-12
5.935	0.1379E-12
6.099	0.1426E-12
6.258	0.1470E-12
6.412	0.1511E-12
6.563	0.1549E-12
6.711	0.1585E-12
6.857	0.1619E-12
7.002	0.1652E-12
7.146	0.1683E-12
7.290	0.1713E-12
7.435	0.1741E-12
7.582	0.1769E-12
7.730	0.1795E-12
7.880	0.1821E-12
8.034	0.1846E-12
8.191	0.1870E-12
8.350	0.1894E-12
8.515	0.1917E-12
8.683	0.1939E-12
8.856	0.1962E-12
9.034	0.1983E-12
9.217	0.2004E-12
9.405	0.2025E-12
9.602	0.2045E-12
9.800	0.2064E-12
10.01	0.2084E-12
10.22	0.2102E-12
10.44	0.2121E-12
10.67	0.2138E-12
10.91	0.2155E-12
11.15	0.2172E-12
11.40	0.2188E-12
11.66	0.2203E-12
11.92	0.2218E-12
12.20	0.2233E-12
12.48	0.2246E-12
12.77	0.2260E-12
13.07	0.2272E-12
13.38	0.2285E-12
13.71	0.2296E-12
14.03	0.2307E-12
14.36	0.2316E-12
14.72	0.2327E-12
15.09	0.2337E-12
15.45	0.2345E-12
15.82	0.2353E-12
16.22	0.2360E-12
16.62	0.2368E-12
17.04	0.2375E-12
17.46	0.2381E-12
17.89	0.2385E-12
18.34	0.2391E-12
18.80	0.2395E-12
19.28	0.2400E-12
19.74	0.2403E-12
20.24	0.2406E-12
20.76	0.2408E-12
21.27	0.2410E-12
21.80	0.2412E-12
22.35	0.2414E-12
22.92	0.2414E-12
23.47	0.2414E-12
24.06	0.2415E-12
24.67	0.2414E-12
25.28	0.2413E-12
25.89	0.2412E-12
26.52	0.2410E-12
27.19	0.2409E-12
27.88	0.2406E-12


C2    Ar    Excitation    11.55 eV                              
Energy (eV)	Rate coefficient (m3/s)
0.9224E-01	0.000
0.1664	0.000
0.7690	0.000
1.725	0.5382E-23
3.104	0.3627E-19
4.206	0.1005E-17
4.786	0.4842E-17
5.127	0.1269E-16
5.373	0.2529E-16
5.578	0.4330E-16
5.762	0.6720E-16
5.935	0.9721E-16
6.099	0.1333E-15
6.258	0.1754E-15
6.412	0.2232E-15
6.563	0.2766E-15
6.711	0.3351E-15
6.857	0.3991E-15
7.002	0.4681E-15
7.146	0.5426E-15
7.290	0.6220E-15
7.435	0.7070E-15
7.582	0.7974E-15
7.730	0.8933E-15
7.880	0.9949E-15
8.034	0.1102E-14
8.191	0.1216E-14
8.350	0.1335E-14
8.515	0.1460E-14
8.683	0.1592E-14
8.856	0.1731E-14
9.034	0.1876E-14
9.217	0.2027E-14
9.405	0.2185E-14
9.602	0.2353E-14
9.800	0.2523E-14
10.01	0.2705E-14
10.22	0.2891E-14
10.44	0.3086E-14
10.67	0.3286E-14
10.91	0.3497E-14
11.15	0.3711E-14
11.40	0.3935E-14
11.66	0.4165E-14
11.92	0.4403E-14
12.20	0.4647E-14
12.48	0.4897E-14
12.77	0.5157E-14
13.07	0.5416E-14
13.38	0.5689E-14
13.71	0.5969E-14
14.03	0.6250E-14
14.36	0.6528E-14
14.72	0.6832E-14
15.09	0.7133E-14
15.45	0.7436E-14
15.82	0.7736E-14
16.22	0.8051E-14
16.62	0.8375E-14
17.04	0.8700E-14
17.46	0.9024E-14
17.89	0.9346E-14
18.34	0.9680E-14
18.80	0.1002E-13
19.28	0.1036E-13
19.74	0.1069E-13
20.24	0.1104E-13
20.76	0.1139E-13
21.27	0.1173E-13
21.80	0.1208E-13
22.35	0.1244E-13
22.92	0.1279E-13
23.47	0.1313E-13
24.06	0.1349E-13
24.67	0.1385E-13
25.28	0.1420E-13
25.89	0.1454E-13
26.52	0.1490E-13
27.19	0.1526E-13
27.88	0.1563E-13


C3    Ar    Ionization    15.76 eV                              
Energy (eV)	Rate coefficient (m3/s)
0.9224E-01	0.000
0.1664	0.000
0.7690	0.000
1.725	0.2203E-31
3.104	0.6462E-28
4.206	0.1276E-23
4.786	0.3577E-21
5.127	0.7507E-20
5.373	0.7519E-19
5.578	0.3908E-18
5.762	0.1370E-17
5.935	0.3684E-17
6.099	0.8228E-17
6.258	0.1603E-16
6.412	0.2821E-16
6.563	0.4587E-16
6.711	0.7011E-16
6.857	0.1020E-15
7.002	0.1426E-15
7.146	0.1930E-15
7.290	0.2540E-15
7.435	0.3268E-15
7.582	0.4122E-15
7.730	0.5111E-15
7.880	0.6245E-15
8.034	0.7533E-15
8.191	0.8984E-15
8.350	0.1060E-14
8.515	0.1241E-14
8.683	0.1440E-14
8.856	0.1658E-14
9.034	0.1898E-14
9.217	0.2158E-14
9.405	0.2440E-14
9.602	0.2749E-14
9.800	0.3076E-14
10.01	0.3433E-14
10.22	0.3810E-14
10.44	0.4218E-14
10.67	0.4647E-14
10.91	0.5108E-14
11.15	0.5592E-14
11.40	0.6107E-14
11.66	0.6647E-14
11.92	0.7221E-14
12.20	0.7819E-14
12.48	0.8446E-14
12.77	0.9109E-14
13.07	0.9787E-14
13.38	0.1051E-13
13.71	0.1126E-13
14.03	0.1203E-13
14.36	0.1282E-13
14.72	0.1367E-13
15.09	0.1453E-13
15.45	0.1542E-13
15.82	0.1632E-13
16.22	0.1727E-13
16.62	0.1825E-13
17.04	0.1925E-13
17.46	0.2027E-13
17.89	0.2131E-13
18.34	0.2238E-13
18.80	0.2349E-13
19.28	0.2461E-13
19.74	0.2572E-13
20.24	0.2689E-13
20.76	0.2811E-13
21.27	0.2928E-13
21.80	0.3050E-13
22.35	0.3177E-13
22.92	0.3304E-13
23.47	0.3426E-13
24.06	0.3557E-13
24.67	0.3691E-13
25.28	0.3824E-13
25.89	0.3954E-13
26.52	0.4088E-13
27.19	0.4228E-13
27.88	0.4371E-13


C4    H    Elastic                                              
Energy (eV)	Rate coefficient (m3/s)
0.9224E-01	0.6238E-13
0.1664	0.7998E-13
0.7690	0.1221E-12
1.725	0.1364E-12
3.104	0.1396E-12
4.206	0.1387E-12
4.786	0.1375E-12
5.127	0.1367E-12
5.373	0.1360E-12
5.578	0.1355E-12
5.762	0.1349E-12
5.935	0.1343E-12
6.099	0.1338E-12
6.258	0.1332E-12
6.412	0.1326E-12
6.563	0.1321E-12
6.711	0.1315E-12
6.857	0.1309E-12
7.002	0.1304E-12
7.146	0.1298E-12
7.290	0.1293E-12
7.435	0.1287E-12
7.582	0.1281E-12
7.730	0.1276E-12
7.880	0.1270E-12
8.034	0.1264E-12
8.191	0.1258E-12
8.350	0.1252E-12
8.515	0.1246E-12
8.683	0.1239E-12
8.856	0.1233E-12
9.034	0.1226E-12
9.217	0.1220E-12
9.405	0.1213E-12
9.602	0.1206E-12
9.800	0.1199E-12
10.01	0.1191E-12
10.22	0.1184E-12
10.44	0.1177E-12
10.67	0.1169E-12
10.91	0.1161E-12
11.15	0.1153E-12
11.40	0.1145E-12
11.66	0.1137E-12
11.92	0.1129E-12
12.20	0.1121E-12
12.48	0.1112E-12
12.77	0.1103E-12
13.07	0.1095E-12
13.38	0.1086E-12
13.71	0.1077E-12
14.03	0.1068E-12
14.36	0.1060E-12
14.72	0.1050E-12
15.09	0.1041E-12
15.45	0.1032E-12
15.82	0.1023E-12
16.22	0.1014E-12
16.62	0.1004E-12
17.04	0.9945E-13
17.46	0.9851E-13
17.89	0.9761E-13
18.34	0.9665E-13
18.80	0.9569E-13
19.28	0.9475E-13
19.74	0.9384E-13
20.24	0.9289E-13
20.76	0.9193E-13
21.27	0.9102E-13
21.80	0.9008E-13
22.35	0.8913E-13
22.92	0.8820E-13
23.47	0.8732E-13
24.06	0.8638E-13
24.67	0.8545E-13
25.28	0.8454E-13
25.89	0.8367E-13
26.52	0.8277E-13
27.19	0.8184E-13
27.88	0.8093E-13


C5    H    Excitation    10.20 eV                               
Energy (eV)	Rate coefficient (m3/s)
0.9224E-01	0.000
0.1664	0.000
0.7690	0.5657E-29
1.725	0.3389E-20
3.104	0.3892E-17
4.206	0.3731E-16
4.786	0.8928E-16
5.127	0.1406E-15
5.373	0.1885E-15
5.578	0.2343E-15
5.762	0.2788E-15
5.935	0.3223E-15
6.099	0.3648E-15
6.258	0.4061E-15
6.412	0.4461E-15
6.563	0.4848E-15
6.711	0.5220E-15
6.857	0.5581E-15
7.002	0.5927E-15
7.146	0.6263E-15
7.290	0.6588E-15
7.435	0.6902E-15
7.582	0.7207E-15
7.730	0.7505E-15
7.880	0.7795E-15
8.034	0.8080E-15
8.191	0.8359E-15
8.350	0.8630E-15
8.515	0.8904E-15
8.683	0.9171E-15
8.856	0.9435E-15
9.034	0.9698E-15
9.217	0.9956E-15
9.405	0.1021E-14
9.602	0.1047E-14
9.800	0.1072E-14
10.01	0.1098E-14
10.22	0.1123E-14
10.44	0.1148E-14
10.67	0.1173E-14
10.91	0.1198E-14
11.15	0.1222E-14
11.40	0.1246E-14
11.66	0.1270E-14
11.92	0.1294E-14
12.20	0.1317E-14
12.48	0.1340E-14
12.77	0.1363E-14
13.07	0.1385E-14
13.38	0.1408E-14
13.71	0.1431E-14
14.03	0.1451E-14
14.36	0.1471E-14
14.72	0.1494E-14
15.09	0.1515E-14
15.45	0.1535E-14
15.82	0.1553E-14
16.22	0.1572E-14
16.62	0.1593E-14
17.04	0.1612E-14
17.46	0.1630E-14
17.89	0.1646E-14
18.34	0.1664E-14
18.80	0.1682E-14
19.28	0.1699E-14
19.74	0.1715E-14
20.24	0.1731E-14
20.76	0.1746E-14
21.27	0.1761E-14
21.80	0.1776E-14
22.35	0.1791E-14
22.92	0.1805E-14
23.47	0.1818E-14
24.06	0.1832E-14
24.67	0.1846E-14
25.28	0.1858E-14
25.89	0.1869E-14
26.52	0.1881E-14
27.19	0.1893E-14
27.88	0.1905E-14


C6    H    Excitation    10.20 eV                               
Energy (eV)	Rate coefficient (m3/s)
0.9224E-01	0.000
0.1664	0.000
0.7690	0.1032E-28
1.725	0.6080E-20
3.104	0.7080E-17
4.206	0.6932E-16
4.786	0.1697E-15
5.127	0.2739E-15
5.373	0.3766E-15
5.578	0.4806E-15
5.762	0.5873E-15
5.935	0.6974E-15
6.099	0.8107E-15
6.258	0.9262E-15
6.412	0.1044E-14
6.563	0.1163E-14
6.711	0.1282E-14
6.857	0.1404E-14
7.002	0.1525E-14
7.146	0.1648E-14
7.290	0.1773E-14
7.435	0.1898E-14
7.582	0.2026E-14
7.730	0.2155E-14
7.880	0.2286E-14
8.034	0.2420E-14
8.191	0.2556E-14
8.350	0.2694E-14
8.515	0.2837E-14
8.683	0.2983E-14
8.856	0.3132E-14
9.034	0.3285E-14
9.217	0.3440E-14
9.405	0.3599E-14
9.602	0.3767E-14
9.800	0.3932E-14
10.01	0.4108E-14
10.22	0.4283E-14
10.44	0.4466E-14
10.67	0.4650E-14
10.91	0.4841E-14
11.15	0.5035E-14
11.40	0.5233E-14
11.66	0.5435E-14
11.92	0.5643E-14
12.20	0.5853E-14
12.48	0.6066E-14
12.77	0.6287E-14
13.07	0.6504E-14
13.38	0.6733E-14
13.71	0.6966E-14
14.03	0.7196E-14
14.36	0.7421E-14
14.72	0.7671E-14
15.09	0.7916E-14
15.45	0.8159E-14
15.82	0.8396E-14
16.22	0.8648E-14
16.62	0.8906E-14
17.04	0.9164E-14
17.46	0.9419E-14
17.89	0.9668E-14
18.34	0.9931E-14
18.80	0.1020E-13
19.28	0.1046E-13
19.74	0.1071E-13
20.24	0.1098E-13
20.76	0.1125E-13
21.27	0.1151E-13
21.80	0.1178E-13
22.35	0.1205E-13
22.92	0.1232E-13
23.47	0.1257E-13
24.06	0.1285E-13
24.67	0.1312E-13
25.28	0.1338E-13
25.89	0.1364E-13
26.52	0.1390E-13
27.19	0.1417E-13
27.88	0.1445E-13


C7    H    Ionization    13.60 eV                               
Energy (eV)	Rate coefficient (m3/s)
0.9224E-01	0.000
0.1664	0.000
0.7690	0.000
1.725	0.2360E-28
3.104	0.6839E-23
4.206	0.2525E-20
4.786	0.6148E-19
5.127	0.3947E-18
5.373	0.1512E-17
5.578	0.4050E-17
5.762	0.8676E-17
5.935	0.1595E-16
6.099	0.2629E-16
6.258	0.3997E-16
6.412	0.5716E-16
6.563	0.7794E-16
6.711	0.1024E-15
6.857	0.1305E-15
7.002	0.1624E-15
7.146	0.1983E-15
7.290	0.2380E-15
7.435	0.2817E-15
7.582	0.3296E-15
7.730	0.3818E-15
7.880	0.4382E-15
8.034	0.4992E-15
8.191	0.5648E-15
8.350	0.6347E-15
8.515	0.7098E-15
8.683	0.7899E-15
8.856	0.8748E-15
9.034	0.9651E-15
9.217	0.1060E-14
9.405	0.1161E-14
9.602	0.1268E-14
9.800	0.1379E-14
10.01	0.1498E-14
10.22	0.1620E-14
10.44	0.1750E-14
10.67	0.1885E-14
10.91	0.2027E-14
11.15	0.2173E-14
11.40	0.2327E-14
11.66	0.2486E-14
11.92	0.2652E-14
12.20	0.2823E-14
12.48	0.3000E-14
12.77	0.3184E-14
13.07	0.3370E-14
13.38	0.3567E-14
13.71	0.3769E-14
14.03	0.3975E-14
14.36	0.4180E-14
14.72	0.4403E-14
15.09	0.4626E-14
15.45	0.4853E-14
15.82	0.5079E-14
16.22	0.5316E-14
16.62	0.5560E-14
17.04	0.5808E-14
17.46	0.6056E-14
17.89	0.6304E-14
18.34	0.6562E-14
18.80	0.6826E-14
19.28	0.7089E-14
19.74	0.7347E-14
20.24	0.7618E-14
20.76	0.7898E-14
21.27	0.8163E-14
21.80	0.8439E-14
22.35	0.8721E-14
22.92	0.9003E-14
23.47	0.9272E-14
24.06	0.9559E-14
24.67	0.9847E-14
25.28	0.1013E-13
25.89	0.1041E-13
26.52	0.1069E-13
27.19	0.1098E-13
27.88	0.1128E-13


C8    H2    Effective (momentum)                                
Energy (eV)	Rate coefficient (m3/s)
0.9224E-01	0.1738E-13
0.1664	0.2633E-13
0.7690	0.7820E-13
1.725	0.1213E-12
3.104	0.1407E-12
4.206	0.1434E-12
4.786	0.1425E-12
5.127	0.1416E-12
5.373	0.1409E-12
5.578	0.1402E-12
5.762	0.1395E-12
5.935	0.1389E-12
6.099	0.1383E-12
6.258	0.1377E-12
6.412	0.1370E-12
6.563	0.1365E-12
6.711	0.1359E-12
6.857	0.1353E-12
7.002	0.1348E-12
7.146	0.1343E-12
7.290	0.1338E-12
7.435	0.1333E-12
7.582	0.1328E-12
7.730	0.1324E-12
7.880	0.1319E-12
8.034	0.1315E-12
8.191	0.1310E-12
8.350	0.1306E-12
8.515	0.1301E-12
8.683	0.1297E-12
8.856	0.1293E-12
9.034	0.1289E-12
9.217	0.1285E-12
9.405	0.1280E-12
9.602	0.1276E-12
9.800	0.1272E-12
10.01	0.1268E-12
10.22	0.1264E-12
10.44	0.1260E-12
10.67	0.1257E-12
10.91	0.1253E-12
11.15	0.1249E-12
11.40	0.1245E-12
11.66	0.1242E-12
11.92	0.1238E-12
12.20	0.1235E-12
12.48	0.1232E-12
12.77	0.1229E-12
13.07	0.1226E-12
13.38	0.1223E-12
13.71	0.1220E-12
14.03	0.1217E-12
14.36	0.1215E-12
14.72	0.1212E-12
15.09	0.1209E-12
15.45	0.1207E-12
15.82	0.1205E-12
16.22	0.1203E-12
16.62	0.1201E-12
17.04	0.1199E-12
17.46	0.1198E-12
17.89	0.1196E-12
18.34	0.1195E-12
18.80	0.1193E-12
19.28	0.1192E-12
19.74	0.1191E-12
20.24	0.1190E-12
20.76	0.1190E-12
21.27	0.1189E-12
21.80	0.1188E-12
22.35	0.1188E-12
22.92	0.1188E-12
23.47	0.1187E-12
24.06	0.1187E-12
24.67	0.1187E-12
25.28	0.1187E-12
25.89	0.1187E-12
26.52	0.1188E-12
27.19	0.1188E-12
27.88	0.1188E-12


C9    H2    Excitation    0.04 eV                               
Energy (eV)	Rate coefficient (m3/s)
0.9224E-01	0.3140E-16
0.1664	0.7220E-16
0.7690	0.7211E-15
1.725	0.2153E-14
3.104	0.3568E-14
4.206	0.4229E-14
4.786	0.4464E-14
5.127	0.4573E-14
5.373	0.4642E-14
5.578	0.4692E-14
5.762	0.4733E-14
5.935	0.4766E-14
6.099	0.4793E-14
6.258	0.4816E-14
6.412	0.4835E-14
6.563	0.4852E-14
6.711	0.4866E-14
6.857	0.4878E-14
7.002	0.4889E-14
7.146	0.4899E-14
7.290	0.4908E-14
7.435	0.4915E-14
7.582	0.4922E-14
7.730	0.4928E-14
7.880	0.4934E-14
8.034	0.4938E-14
8.191	0.4942E-14
8.350	0.4946E-14
8.515	0.4948E-14
8.683	0.4950E-14
8.856	0.4952E-14
9.034	0.4953E-14
9.217	0.4953E-14
9.405	0.4953E-14
9.602	0.4952E-14
9.800	0.4950E-14
10.01	0.4948E-14
10.22	0.4945E-14
10.44	0.4942E-14
10.67	0.4938E-14
10.91	0.4934E-14
11.15	0.4929E-14
11.40	0.4923E-14
11.66	0.4917E-14
11.92	0.4911E-14
12.20	0.4904E-14
12.48	0.4896E-14
12.77	0.4888E-14
13.07	0.4879E-14
13.38	0.4870E-14
13.71	0.4860E-14
14.03	0.4850E-14
14.36	0.4840E-14
14.72	0.4829E-14
15.09	0.4818E-14
15.45	0.4806E-14
15.82	0.4794E-14
16.22	0.4782E-14
16.62	0.4769E-14
17.04	0.4755E-14
17.46	0.4742E-14
17.89	0.4728E-14
18.34	0.4714E-14
18.80	0.4699E-14
19.28	0.4685E-14
19.74	0.4671E-14
20.24	0.4655E-14
20.76	0.4639E-14
21.27	0.4624E-14
21.80	0.4608E-14
22.35	0.4592E-14
22.92	0.4576E-14
23.47	0.4560E-14
24.06	0.4543E-14
24.67	0.4526E-14
25.28	0.4510E-14
25.89	0.4493E-14
26.52	0.4476E-14
27.19	0.4459E-14
27.88	0.4441E-14


C10   H2    Excitation    0.07 eV                               
Energy (eV)	Rate coefficient (m3/s)
0.9224E-01	0.4116E-16
0.1664	0.1107E-15
0.7690	0.1244E-14
1.725	0.3793E-14
3.104	0.6382E-14
4.206	0.7611E-14
4.786	0.8051E-14
5.127	0.8255E-14
5.373	0.8383E-14
5.578	0.8477E-14
5.762	0.8553E-14
5.935	0.8614E-14
6.099	0.8665E-14
6.258	0.8707E-14
6.412	0.8744E-14
6.563	0.8774E-14
6.711	0.8801E-14
6.857	0.8824E-14
7.002	0.8845E-14
7.146	0.8863E-14
7.290	0.8879E-14
7.435	0.8894E-14
7.582	0.8907E-14
7.730	0.8918E-14
7.880	0.8928E-14
8.034	0.8937E-14
8.191	0.8945E-14
8.350	0.8952E-14
8.515	0.8957E-14
8.683	0.8961E-14
8.856	0.8965E-14
9.034	0.8966E-14
9.217	0.8967E-14
9.405	0.8967E-14
9.602	0.8966E-14
9.800	0.8964E-14
10.01	0.8960E-14
10.22	0.8955E-14
10.44	0.8950E-14
10.67	0.8943E-14
10.91	0.8935E-14
11.15	0.8926E-14
11.40	0.8916E-14
11.66	0.8905E-14
11.92	0.8893E-14
12.20	0.8881E-14
12.48	0.8867E-14
12.77	0.8852E-14
13.07	0.8837E-14
13.38	0.8820E-14
13.71	0.8802E-14
14.03	0.8784E-14
14.36	0.8766E-14
14.72	0.8746E-14
15.09	0.8725E-14
15.45	0.8704E-14
15.82	0.8683E-14
16.22	0.8660E-14
16.62	0.8637E-14
17.04	0.8613E-14
17.46	0.8589E-14
17.89	0.8564E-14
18.34	0.8539E-14
18.80	0.8512E-14
19.28	0.8486E-14
19.74	0.8460E-14
20.24	0.8433E-14
20.76	0.8404E-14
21.27	0.8377E-14
21.80	0.8349E-14
22.35	0.8320E-14
22.92	0.8290E-14
23.47	0.8262E-14
24.06	0.8232E-14
24.67	0.8202E-14
25.28	0.8172E-14
25.89	0.8142E-14
26.52	0.8112E-14
27.19	0.8080E-14
27.88	0.8048E-14


C11   H2    Excitation    0.52 eV                               
Energy (eV)	Rate coefficient (m3/s)
0.9224E-01	0.1242E-18
0.1664	0.3386E-17
0.7690	0.5027E-15
1.725	0.2181E-14
3.104	0.3376E-14
4.206	0.3577E-14
4.786	0.3529E-14
5.127	0.3470E-14
5.373	0.3421E-14
5.578	0.3376E-14
5.762	0.3334E-14
5.935	0.3291E-14
6.099	0.3249E-14
6.258	0.3206E-14
6.412	0.3164E-14
6.563	0.3122E-14
6.711	0.3082E-14
6.857	0.3042E-14
7.002	0.3003E-14
7.146	0.2966E-14
7.290	0.2929E-14
7.435	0.2893E-14
7.582	0.2858E-14
7.730	0.2824E-14
7.880	0.2789E-14
8.034	0.2755E-14
8.191	0.2722E-14
8.350	0.2688E-14
8.515	0.2654E-14
8.683	0.2621E-14
8.856	0.2587E-14
9.034	0.2554E-14
9.217	0.2520E-14
9.405	0.2487E-14
9.602	0.2452E-14
9.800	0.2419E-14
10.01	0.2385E-14
10.22	0.2352E-14
10.44	0.2317E-14
10.67	0.2284E-14
10.91	0.2250E-14
11.15	0.2217E-14
11.40	0.2183E-14
11.66	0.2150E-14
11.92	0.2117E-14
12.20	0.2084E-14
12.48	0.2052E-14
12.77	0.2019E-14
13.07	0.1987E-14
13.38	0.1955E-14
13.71	0.1923E-14
14.03	0.1892E-14
14.36	0.1863E-14
14.72	0.1830E-14
15.09	0.1799E-14
15.45	0.1770E-14
15.82	0.1742E-14
16.22	0.1713E-14
16.62	0.1683E-14
17.04	0.1654E-14
17.46	0.1626E-14
17.89	0.1601E-14
18.34	0.1573E-14
18.80	0.1546E-14
19.28	0.1520E-14
19.74	0.1495E-14
20.24	0.1470E-14
20.76	0.1445E-14
21.27	0.1422E-14
21.80	0.1398E-14
22.35	0.1374E-14
22.92	0.1352E-14
23.47	0.1331E-14
24.06	0.1308E-14
24.67	0.1286E-14
25.28	0.1266E-14
25.89	0.1247E-14
26.52	0.1226E-14
27.19	0.1206E-14
27.88	0.1187E-14


C12   H2    Excitation    1.00 eV                               
Energy (eV)	Rate coefficient (m3/s)
0.9224E-01	0.1653E-23
0.1664	0.1928E-20
0.7690	0.1167E-16
1.725	0.1177E-15
3.104	0.2499E-15
4.206	0.3011E-15
4.786	0.3128E-15
5.127	0.3154E-15
5.373	0.3158E-15
5.578	0.3152E-15
5.762	0.3139E-15
5.935	0.3120E-15
6.099	0.3097E-15
6.258	0.3071E-15
6.412	0.3043E-15
6.563	0.3013E-15
6.711	0.2982E-15
6.857	0.2950E-15
7.002	0.2917E-15
7.146	0.2885E-15
7.290	0.2853E-15
7.435	0.2820E-15
7.582	0.2788E-15
7.730	0.2755E-15
7.880	0.2723E-15
8.034	0.2690E-15
8.191	0.2657E-15
8.350	0.2625E-15
8.515	0.2591E-15
8.683	0.2558E-15
8.856	0.2524E-15
9.034	0.2490E-15
9.217	0.2456E-15
9.405	0.2421E-15
9.602	0.2385E-15
9.800	0.2351E-15
10.01	0.2314E-15
10.22	0.2279E-15
10.44	0.2243E-15
10.67	0.2207E-15
10.91	0.2170E-15
11.15	0.2133E-15
11.40	0.2097E-15
11.66	0.2060E-15
11.92	0.2022E-15
12.20	0.1986E-15
12.48	0.1949E-15
12.77	0.1912E-15
13.07	0.1877E-15
13.38	0.1839E-15
13.71	0.1802E-15
14.03	0.1767E-15
14.36	0.1733E-15
14.72	0.1695E-15
15.09	0.1659E-15
15.45	0.1624E-15
15.82	0.1592E-15
16.22	0.1557E-15
16.62	0.1522E-15
17.04	0.1488E-15
17.46	0.1455E-15
17.89	0.1425E-15
18.34	0.1391E-15
18.80	0.1359E-15
19.28	0.1328E-15
19.74	0.1299E-15
20.24	0.1268E-15
20.76	0.1238E-15
21.27	0.1210E-15
21.80	0.1180E-15
22.35	0.1152E-15
22.92	0.1125E-15
23.47	0.1099E-15
24.06	0.1071E-15
24.67	0.1045E-15
25.28	0.1020E-15
25.89	0.9963E-16
26.52	0.9716E-16
27.19	0.9468E-16
27.88	0.9232E-16


C13   H2    Excitation    1.50 eV                               
Energy (eV)	Rate coefficient (m3/s)
0.9224E-01	0.9357E-26
0.1664	0.3117E-22
0.7690	0.9024E-18
1.725	0.1162E-16
3.104	0.2499E-16
4.206	0.2963E-16
4.786	0.3048E-16
5.127	0.3056E-16
5.373	0.3046E-16
5.578	0.3029E-16
5.762	0.3007E-16
5.935	0.2980E-16
6.099	0.2950E-16
6.258	0.2918E-16
6.412	0.2884E-16
6.563	0.2848E-16
6.711	0.2813E-16
6.857	0.2777E-16
7.002	0.2742E-16
7.146	0.2707E-16
7.290	0.2672E-16
7.435	0.2637E-16
7.582	0.2603E-16
7.730	0.2570E-16
7.880	0.2536E-16
8.034	0.2502E-16
8.191	0.2469E-16
8.350	0.2436E-16
8.515	0.2402E-16
8.683	0.2368E-16
8.856	0.2334E-16
9.034	0.2300E-16
9.217	0.2266E-16
9.405	0.2232E-16
9.602	0.2197E-16
9.800	0.2163E-16
10.01	0.2127E-16
10.22	0.2093E-16
10.44	0.2057E-16
10.67	0.2022E-16
10.91	0.1986E-16
11.15	0.1951E-16
11.40	0.1916E-16
11.66	0.1880E-16
11.92	0.1844E-16
12.20	0.1809E-16
12.48	0.1775E-16
12.77	0.1739E-16
13.07	0.1705E-16
13.38	0.1670E-16
13.71	0.1635E-16
14.03	0.1601E-16
14.36	0.1570E-16
14.72	0.1534E-16
15.09	0.1500E-16
15.45	0.1468E-16
15.82	0.1438E-16
16.22	0.1405E-16
16.62	0.1372E-16
17.04	0.1341E-16
17.46	0.1310E-16
17.89	0.1282E-16
18.34	0.1251E-16
18.80	0.1221E-16
19.28	0.1193E-16
19.74	0.1166E-16
20.24	0.1138E-16
20.76	0.1110E-16
21.27	0.1084E-16
21.80	0.1057E-16
22.35	0.1031E-16
22.92	0.1006E-16
23.47	0.9829E-17
24.06	0.9577E-17
24.67	0.9337E-17
25.28	0.9107E-17
25.89	0.8892E-17
26.52	0.8668E-17
27.19	0.8443E-17
27.88	0.8229E-17


C14   H2    Excitation    8.90 eV                               
Energy (eV)	Rate coefficient (m3/s)
0.9224E-01	0.000
0.1664	0.000
0.7690	0.2676E-27
1.725	0.2127E-19
3.104	0.1144E-16
4.206	0.8710E-16
4.786	0.1930E-15
5.127	0.2955E-15
5.373	0.3923E-15
5.578	0.4875E-15
5.762	0.5828E-15
5.935	0.6789E-15
6.099	0.7757E-15
6.258	0.8724E-15
6.412	0.9687E-15
6.563	0.1064E-14
6.711	0.1158E-14
6.857	0.1251E-14
7.002	0.1342E-14
7.146	0.1432E-14
7.290	0.1520E-14
7.435	0.1606E-14
7.582	0.1692E-14
7.730	0.1776E-14
7.880	0.1858E-14
8.034	0.1940E-14
8.191	0.2020E-14
8.350	0.2098E-14
8.515	0.2177E-14
8.683	0.2253E-14
8.856	0.2329E-14
9.034	0.2404E-14
9.217	0.2477E-14
9.405	0.2548E-14
9.602	0.2621E-14
9.800	0.2689E-14
10.01	0.2760E-14
10.22	0.2825E-14
10.44	0.2892E-14
10.67	0.2954E-14
10.91	0.3017E-14
11.15	0.3077E-14
11.40	0.3135E-14
11.66	0.3191E-14
11.92	0.3246E-14
12.20	0.3297E-14
12.48	0.3345E-14
12.77	0.3394E-14
13.07	0.3436E-14
13.38	0.3480E-14
13.71	0.3521E-14
14.03	0.3556E-14
14.36	0.3587E-14
14.72	0.3623E-14
15.09	0.3654E-14
15.45	0.3679E-14
15.82	0.3699E-14
16.22	0.3720E-14
16.62	0.3742E-14
17.04	0.3759E-14
17.46	0.3772E-14
17.89	0.3778E-14
18.34	0.3790E-14
18.80	0.3796E-14
19.28	0.3799E-14
19.74	0.3799E-14
20.24	0.3799E-14
20.76	0.3794E-14
21.27	0.3789E-14
21.80	0.3783E-14
22.35	0.3773E-14
22.92	0.3760E-14
23.47	0.3747E-14
24.06	0.3733E-14
24.67	0.3716E-14
25.28	0.3696E-14
25.89	0.3675E-14
26.52	0.3655E-14
27.19	0.3631E-14
27.88	0.3604E-14


C15   H2    Excitation    11.30 eV                              
Energy (eV)	Rate coefficient (m3/s)
0.9224E-01	0.000
0.1664	0.000
0.7690	0.000
1.725	0.5324E-22
3.104	0.2198E-18
4.206	0.4134E-17
4.786	0.1475E-16
5.127	0.3081E-16
5.373	0.5109E-16
5.578	0.7552E-16
5.762	0.1040E-15
5.935	0.1364E-15
6.099	0.1723E-15
6.258	0.2116E-15
6.412	0.2538E-15
6.563	0.2987E-15
6.711	0.3461E-15
6.857	0.3960E-15
7.002	0.4482E-15
7.146	0.5031E-15
7.290	0.5603E-15
7.435	0.6203E-15
7.582	0.6831E-15
7.730	0.7486E-15
7.880	0.8172E-15
8.034	0.8889E-15
8.191	0.9639E-15
8.350	0.1042E-14
8.515	0.1124E-14
8.683	0.1209E-14
8.856	0.1298E-14
9.034	0.1391E-14
9.217	0.1488E-14
9.405	0.1588E-14
9.602	0.1694E-14
9.800	0.1801E-14
10.01	0.1916E-14
10.22	0.2032E-14
10.44	0.2154E-14
10.67	0.2278E-14
10.91	0.2409E-14
11.15	0.2542E-14
11.40	0.2680E-14
11.66	0.2821E-14
11.92	0.2968E-14
12.20	0.3117E-14
12.48	0.3270E-14
12.77	0.3429E-14
13.07	0.3587E-14
13.38	0.3753E-14
13.71	0.3923E-14
14.03	0.4092E-14
14.36	0.4260E-14
14.72	0.4444E-14
15.09	0.4625E-14
15.45	0.4806E-14
15.82	0.4985E-14
16.22	0.5174E-14
16.62	0.5367E-14
17.04	0.5560E-14
17.46	0.5752E-14
17.89	0.5942E-14
18.34	0.6140E-14
18.80	0.6341E-14
19.28	0.6539E-14
19.74	0.6732E-14
20.24	0.6935E-14
20.76	0.7141E-14
21.27	0.7337E-14
21.80	0.7539E-14
22.35	0.7745E-14
22.92	0.7948E-14
23.47	0.8141E-14
24.06	0.8347E-14
24.67	0.8553E-14
25.28	0.8754E-14
25.89	0.8948E-14
26.52	0.9147E-14
27.19	0.9352E-14
27.88	0.9557E-14


C16   H2    Excitation    11.75 eV                              
Energy (eV)	Rate coefficient (m3/s)
0.9224E-01	0.000
0.1664	0.000
0.7690	0.000
1.725	0.1268E-22
3.104	0.9255E-19
4.206	0.2450E-17
4.786	0.1068E-16
5.127	0.2523E-16
5.373	0.4524E-16
5.578	0.7035E-16
5.762	0.1000E-15
5.935	0.1336E-15
6.099	0.1704E-15
6.258	0.2096E-15
6.412	0.2504E-15
6.563	0.2922E-15
6.711	0.3344E-15
6.857	0.3769E-15
7.002	0.4190E-15
7.146	0.4611E-15
7.290	0.5026E-15
7.435	0.5435E-15
7.582	0.5840E-15
7.730	0.6237E-15
7.880	0.6627E-15
8.034	0.7010E-15
8.191	0.7386E-15
8.350	0.7751E-15
8.515	0.8113E-15
8.683	0.8466E-15
8.856	0.8812E-15
9.034	0.9153E-15
9.217	0.9480E-15
9.405	0.9800E-15
9.602	0.1013E-14
9.800	0.1042E-14
10.01	0.1074E-14
10.22	0.1102E-14
10.44	0.1131E-14
10.67	0.1158E-14
10.91	0.1185E-14
11.15	0.1211E-14
11.40	0.1236E-14
11.66	0.1259E-14
11.92	0.1282E-14
12.20	0.1304E-14
12.48	0.1324E-14
12.77	0.1345E-14
13.07	0.1362E-14
13.38	0.1380E-14
13.71	0.1397E-14
14.03	0.1411E-14
14.36	0.1423E-14
14.72	0.1438E-14
15.09	0.1451E-14
15.45	0.1460E-14
15.82	0.1468E-14
16.22	0.1476E-14
16.62	0.1485E-14
17.04	0.1491E-14
17.46	0.1496E-14
17.89	0.1498E-14
18.34	0.1502E-14
18.80	0.1504E-14
19.28	0.1505E-14
19.74	0.1504E-14
20.24	0.1503E-14
20.76	0.1501E-14
21.27	0.1498E-14
21.80	0.1496E-14
22.35	0.1491E-14
22.92	0.1485E-14
23.47	0.1478E-14
24.06	0.1473E-14
24.67	0.1466E-14
25.28	0.1458E-14
25.89	0.1449E-14
26.52	0.1441E-14
27.19	0.1431E-14
27.88	0.1419E-14


C17   H2    Excitation    11.80 eV                              
Energy (eV)	Rate coefficient (m3/s)
0.9224E-01	0.000
0.1664	0.000
0.7690	0.000
1.725	0.2494E-23
3.104	0.2416E-19
4.206	0.8243E-18
4.786	0.4361E-17
5.127	0.1177E-16
5.373	0.2321E-16
5.578	0.3853E-16
5.762	0.5734E-16
5.935	0.7909E-16
6.099	0.1032E-15
6.258	0.1291E-15
6.412	0.1561E-15
6.563	0.1840E-15
6.711	0.2122E-15
6.857	0.2406E-15
7.002	0.2689E-15
7.146	0.2973E-15
7.290	0.3252E-15
7.435	0.3530E-15
7.582	0.3805E-15
7.730	0.4075E-15
7.880	0.4342E-15
8.034	0.4605E-15
8.191	0.4864E-15
8.350	0.5117E-15
8.515	0.5368E-15
8.683	0.5615E-15
8.856	0.5857E-15
9.034	0.6097E-15
9.217	0.6328E-15
9.405	0.6556E-15
9.602	0.6788E-15
9.800	0.7003E-15
10.01	0.7227E-15
10.22	0.7434E-15
10.44	0.7646E-15
10.67	0.7846E-15
10.91	0.8046E-15
11.15	0.8235E-15
11.40	0.8421E-15
11.66	0.8601E-15
11.92	0.8776E-15
12.20	0.8942E-15
12.48	0.9098E-15
12.77	0.9256E-15
13.07	0.9394E-15
13.38	0.9535E-15
13.71	0.9672E-15
14.03	0.9791E-15
14.36	0.9891E-15
14.72	0.1001E-14
15.09	0.1012E-14
15.45	0.1021E-14
15.82	0.1027E-14
16.22	0.1035E-14
16.62	0.1043E-14
17.04	0.1049E-14
17.46	0.1054E-14
17.89	0.1057E-14
18.34	0.1062E-14
18.80	0.1065E-14
19.28	0.1067E-14
19.74	0.1068E-14
20.24	0.1068E-14
20.76	0.1068E-14
21.27	0.1068E-14
21.80	0.1067E-14
22.35	0.1065E-14
22.92	0.1062E-14
23.47	0.1058E-14
24.06	0.1055E-14
24.67	0.1051E-14
25.28	0.1047E-14
25.89	0.1042E-14
26.52	0.1036E-14
27.19	0.1030E-14
27.88	0.1022E-14


C18   H2    Excitation    12.40 eV                              
Energy (eV)	Rate coefficient (m3/s)
0.9224E-01	0.000
0.1664	0.000
0.7690	0.000
1.725	0.5353E-25
3.104	0.1477E-20
4.206	0.1039E-18
4.786	0.8978E-18
5.127	0.3324E-17
5.373	0.8417E-17
5.578	0.1693E-16
5.762	0.2937E-16
5.935	0.4594E-16
6.099	0.6664E-16
6.258	0.9128E-16
6.412	0.1196E-15
6.563	0.1514E-15
6.711	0.1864E-15
6.857	0.2246E-15
7.002	0.2657E-15
7.146	0.3098E-15
7.290	0.3568E-15
7.435	0.4067E-15
7.582	0.4597E-15
7.730	0.5155E-15
7.880	0.5744E-15
8.034	0.6364E-15
8.191	0.7015E-15
8.350	0.7694E-15
8.515	0.8409E-15
8.683	0.9156E-15
8.856	0.9935E-15
9.034	0.1075E-14
9.217	0.1159E-14
9.405	0.1247E-14
9.602	0.1340E-14
9.800	0.1434E-14
10.01	0.1534E-14
10.22	0.1636E-14
10.44	0.1742E-14
10.67	0.1851E-14
10.91	0.1965E-14
11.15	0.2081E-14
11.40	0.2202E-14
11.66	0.2325E-14
11.92	0.2453E-14
12.20	0.2583E-14
12.48	0.2716E-14
12.77	0.2854E-14
13.07	0.2992E-14
13.38	0.3137E-14
13.71	0.3285E-14
14.03	0.3433E-14
14.36	0.3580E-14
14.72	0.3740E-14
15.09	0.3898E-14
15.45	0.4057E-14
15.82	0.4214E-14
16.22	0.4379E-14
16.62	0.4548E-14
17.04	0.4718E-14
17.46	0.4887E-14
17.89	0.5054E-14
18.34	0.5228E-14
18.80	0.5406E-14
19.28	0.5581E-14
19.74	0.5752E-14
20.24	0.5932E-14
20.76	0.6115E-14
21.27	0.6289E-14
21.80	0.6470E-14
22.35	0.6654E-14
22.92	0.6836E-14
23.47	0.7010E-14
24.06	0.7195E-14
24.67	0.7380E-14
25.28	0.7562E-14
25.89	0.7737E-14
26.52	0.7918E-14
27.19	0.8105E-14
27.88	0.8292E-14


C19   H2    Excitation    13.86 eV                              
Energy (eV)	Rate coefficient (m3/s)
0.9224E-01	0.000
0.1664	0.000
0.7690	0.000
1.725	0.000
3.104	0.000
4.206	0.000
4.786	0.6097E-35
5.127	0.000
5.373	0.2269E-34
5.578	0.3342E-31
5.762	0.5207E-29
5.935	0.2440E-27
6.099	0.5007E-26
6.258	0.5559E-25
6.412	0.3952E-24
6.563	0.1985E-23
6.711	0.7675E-23
6.857	0.2409E-22
7.002	0.6403E-22
7.146	0.1490E-21
7.290	0.3110E-21
7.435	0.5935E-21
7.582	0.1052E-20
7.730	0.1750E-20
7.880	0.2763E-20
8.034	0.4170E-20
8.191	0.6056E-20
8.350	0.8500E-20
8.515	0.1159E-19
8.683	0.1542E-19
8.856	0.2004E-19
9.034	0.2555E-19
9.217	0.3199E-19
9.405	0.3943E-19
9.602	0.4798E-19
9.800	0.5753E-19
10.01	0.6833E-19
10.22	0.8021E-19
10.44	0.9337E-19
10.67	0.1076E-18
10.91	0.1232E-18
11.15	0.1399E-18
11.40	0.1578E-18
11.66	0.1769E-18
11.92	0.1972E-18
12.20	0.2186E-18
12.48	0.2410E-18
12.77	0.2647E-18
13.07	0.2888E-18
13.38	0.3146E-18
13.71	0.3408E-18
14.03	0.3679E-18
14.36	0.3950E-18
14.72	0.4241E-18
15.09	0.4531E-18
15.45	0.4825E-18
15.82	0.5118E-18
16.22	0.5422E-18
16.62	0.5728E-18
17.04	0.6036E-18
17.46	0.6340E-18
17.89	0.6643E-18
18.34	0.6944E-18
18.80	0.7255E-18
19.28	0.7557E-18
19.74	0.7840E-18
20.24	0.8137E-18
20.76	0.8440E-18
21.27	0.8706E-18
21.80	0.8981E-18
22.35	0.9263E-18
22.92	0.9529E-18
23.47	0.9767E-18
24.06	0.1002E-17
24.67	0.1027E-17
25.28	0.1050E-17
25.89	0.1071E-17
26.52	0.1092E-17
27.19	0.1113E-17
27.88	0.1134E-17


C20   H2    Excitation    14.00 eV                              
Energy (eV)	Rate coefficient (m3/s)
0.9224E-01	0.000
0.1664	0.000
0.7690	0.000
1.725	0.6974E-30
3.104	0.4616E-24
4.206	0.3177E-21
4.786	0.1134E-19
5.127	0.8649E-19
5.373	0.3714E-18
5.578	0.1054E-17
5.762	0.2313E-17
5.935	0.4265E-17
6.099	0.6953E-17
6.258	0.1036E-16
6.412	0.1443E-16
6.563	0.1908E-16
6.711	0.2424E-16
6.857	0.2983E-16
7.002	0.3577E-16
7.146	0.4203E-16
7.290	0.4852E-16
7.435	0.5523E-16
7.582	0.6211E-16
7.730	0.6913E-16
7.880	0.7625E-16
8.034	0.8346E-16
8.191	0.9072E-16
8.350	0.9798E-16
8.515	0.1053E-15
8.683	0.1126E-15
8.856	0.1199E-15
9.034	0.1273E-15
9.217	0.1345E-15
9.405	0.1416E-15
9.602	0.1489E-15
9.800	0.1559E-15
10.01	0.1630E-15
10.22	0.1698E-15
10.44	0.1768E-15
10.67	0.1834E-15
10.91	0.1901E-15
11.15	0.1965E-15
11.40	0.2029E-15
11.66	0.2091E-15
11.92	0.2152E-15
12.20	0.2211E-15
12.48	0.2267E-15
12.77	0.2323E-15
13.07	0.2374E-15
13.38	0.2426E-15
13.71	0.2477E-15
14.03	0.2523E-15
14.36	0.2565E-15
14.72	0.2611E-15
15.09	0.2652E-15
15.45	0.2690E-15
15.82	0.2722E-15
16.22	0.2755E-15
16.62	0.2789E-15
17.04	0.2819E-15
17.46	0.2845E-15
17.89	0.2864E-15
18.34	0.2889E-15
18.80	0.2909E-15
19.28	0.2925E-15
19.74	0.2938E-15
20.24	0.2951E-15
20.76	0.2961E-15
21.27	0.2970E-15
21.80	0.2978E-15
22.35	0.2982E-15
22.92	0.2983E-15
23.47	0.2983E-15
24.06	0.2984E-15
24.67	0.2980E-15
25.28	0.2974E-15
25.89	0.2968E-15
26.52	0.2962E-15
27.19	0.2953E-15
27.88	0.2940E-15


C21   H2    Excitation    15.00 eV                              
Energy (eV)	Rate coefficient (m3/s)
0.9224E-01	0.000
0.1664	0.000
0.7690	0.000
1.725	0.5646E-33
3.104	0.000
4.206	0.5523E-27
4.786	0.5255E-24
5.127	0.4080E-22
5.373	0.8067E-21
5.578	0.6557E-20
5.762	0.3166E-19
5.935	0.1076E-18
6.099	0.2865E-18
6.258	0.6375E-18
6.412	0.1241E-17
6.563	0.2180E-17
6.711	0.3535E-17
6.857	0.5382E-17
7.002	0.7785E-17
7.146	0.1081E-16
7.290	0.1450E-16
7.435	0.1891E-16
7.582	0.2408E-16
7.730	0.3004E-16
7.880	0.3684E-16
8.034	0.4451E-16
8.191	0.5308E-16
8.350	0.6257E-16
8.515	0.7304E-16
8.683	0.8451E-16
8.856	0.9699E-16
9.034	0.1105E-15
9.217	0.1251E-15
9.405	0.1408E-15
9.602	0.1578E-15
9.800	0.1757E-15
10.01	0.1951E-15
10.22	0.2154E-15
10.44	0.2373E-15
10.67	0.2601E-15
10.91	0.2845E-15
11.15	0.3099E-15
11.40	0.3369E-15
11.66	0.3650E-15
11.92	0.3947E-15
12.20	0.4255E-15
12.48	0.4577E-15
12.77	0.4915E-15
13.07	0.5260E-15
13.38	0.5626E-15
13.71	0.6004E-15
14.03	0.6393E-15
14.36	0.6784E-15
14.72	0.7211E-15
15.09	0.7640E-15
15.45	0.8080E-15
15.82	0.8523E-15
16.22	0.8990E-15
16.62	0.9471E-15
17.04	0.9962E-15
17.46	0.1046E-14
17.89	0.1096E-14
18.34	0.1148E-14
18.80	0.1202E-14
19.28	0.1256E-14
19.74	0.1309E-14
20.24	0.1364E-14
20.76	0.1423E-14
21.27	0.1478E-14
21.80	0.1536E-14
22.35	0.1595E-14
22.92	0.1655E-14
23.47	0.1712E-14
24.06	0.1773E-14
24.67	0.1835E-14
25.28	0.1897E-14
25.89	0.1956E-14
26.52	0.2018E-14
27.19	0.2082E-14
27.88	0.2147E-14


C22   H2    Excitation    15.20 eV                              
Energy (eV)	Rate coefficient (m3/s)
0.9224E-01	0.000
0.1664	0.000
0.7690	0.000
1.725	0.2189E-32
3.104	0.1393E-29
4.206	0.6015E-25
4.786	0.2230E-22
5.127	0.5308E-21
5.373	0.5898E-20
5.578	0.3278E-19
5.762	0.1203E-18
5.935	0.3344E-18
6.099	0.7644E-18
6.258	0.1515E-17
6.412	0.2701E-17
6.563	0.4435E-17
6.711	0.6830E-17
6.857	0.1000E-16
7.002	0.1404E-16
7.146	0.1908E-16
7.290	0.2519E-16
7.435	0.3249E-16
7.582	0.4108E-16
7.730	0.5103E-16
7.880	0.6246E-16
8.034	0.7544E-16
8.191	0.9007E-16
8.350	0.1064E-15
8.515	0.1246E-15
8.683	0.1446E-15
8.856	0.1666E-15
9.034	0.1907E-15
9.217	0.2168E-15
9.405	0.2451E-15
9.602	0.2759E-15
9.800	0.3084E-15
10.01	0.3439E-15
10.22	0.3812E-15
10.44	0.4215E-15
10.67	0.4637E-15
10.91	0.5089E-15
11.15	0.5562E-15
11.40	0.6064E-15
11.66	0.6589E-15
11.92	0.7144E-15
12.20	0.7721E-15
12.48	0.8324E-15
12.77	0.8959E-15
13.07	0.9605E-15
13.38	0.1029E-14
13.71	0.1100E-14
14.03	0.1173E-14
14.36	0.1247E-14
14.72	0.1327E-14
15.09	0.1407E-14
15.45	0.1490E-14
15.82	0.1573E-14
16.22	0.1660E-14
16.62	0.1750E-14
17.04	0.1842E-14
17.46	0.1934E-14
17.89	0.2028E-14
18.34	0.2124E-14
18.80	0.2224E-14
19.28	0.2324E-14
19.74	0.2422E-14
20.24	0.2525E-14
20.76	0.2632E-14
21.27	0.2734E-14
21.80	0.2840E-14
22.35	0.2949E-14
22.92	0.3058E-14
23.47	0.3163E-14
24.06	0.3274E-14
24.67	0.3387E-14
25.28	0.3498E-14
25.89	0.3606E-14
26.52	0.3717E-14
27.19	0.3832E-14
27.88	0.3949E-14


C23   H2    Ionization    15.40 eV                              
Energy (eV)	Rate coefficient (m3/s)
0.9224E-01	0.000
0.1664	0.000
0.7690	0.000
1.725	0.1419E-31
3.104	0.4581E-27
4.206	0.3785E-23
4.786	0.6569E-21
5.127	0.1073E-19
5.373	0.8680E-19
5.578	0.3867E-18
5.762	0.1202E-17
5.935	0.2933E-17
6.099	0.6044E-17
6.258	0.1101E-16
6.412	0.1830E-16
6.563	0.2832E-16
6.711	0.4148E-16
6.857	0.5817E-16
7.002	0.7868E-16
7.146	0.1034E-15
7.290	0.1327E-15
7.435	0.1668E-15
7.582	0.2060E-15
7.730	0.2507E-15
7.880	0.3011E-15
8.034	0.3576E-15
8.191	0.4204E-15
8.350	0.4896E-15
8.515	0.5658E-15
8.683	0.6492E-15
8.856	0.7398E-15
9.034	0.8383E-15
9.217	0.9442E-15
9.405	0.1058E-14
9.602	0.1182E-14
9.800	0.1312E-14
10.01	0.1453E-14
10.22	0.1601E-14
10.44	0.1761E-14
10.67	0.1928E-14
10.91	0.2106E-14
11.15	0.2292E-14
11.40	0.2490E-14
11.66	0.2696E-14
11.92	0.2914E-14
12.20	0.3140E-14
12.48	0.3377E-14
12.77	0.3626E-14
13.07	0.3880E-14
13.38	0.4150E-14
13.71	0.4429E-14
14.03	0.4716E-14
14.36	0.5005E-14
14.72	0.5320E-14
15.09	0.5638E-14
15.45	0.5963E-14
15.82	0.6291E-14
16.22	0.6637E-14
16.62	0.6993E-14
17.04	0.7357E-14
17.46	0.7725E-14
17.89	0.8097E-14
18.34	0.8481E-14
18.80	0.8880E-14
19.28	0.9280E-14
19.74	0.9674E-14
20.24	0.1009E-13
20.76	0.1052E-13
21.27	0.1093E-13
21.80	0.1136E-13
22.35	0.1180E-13
22.92	0.1225E-13
23.47	0.1267E-13
24.06	0.1313E-13
24.67	0.1359E-13
25.28	0.1405E-13
25.89	0.1449E-13
26.52	0.1495E-13
27.19	0.1542E-13
27.88	0.1591E-13


C24   H2    Excitation    16.60 eV                              
Energy (eV)	Rate coefficient (m3/s)
0.9224E-01	0.000
0.1664	0.000
0.7690	0.000
1.725	0.2668E-33
3.104	0.000
4.206	0.8384E-27
4.786	0.6394E-24
5.127	0.2507E-22
5.373	0.3808E-21
5.578	0.2567E-20
5.762	0.1068E-19
5.935	0.3214E-19
6.099	0.7708E-19
6.258	0.1567E-18
6.412	0.2819E-18
6.563	0.4619E-18
6.711	0.7037E-18
6.857	0.1013E-17
7.002	0.1392E-17
7.146	0.1845E-17
7.290	0.2372E-17
7.435	0.2973E-17
7.582	0.3649E-17
7.730	0.4399E-17
7.880	0.5223E-17
8.034	0.6121E-17
8.191	0.7092E-17
8.350	0.8132E-17
8.515	0.9250E-17
8.683	0.1044E-16
8.856	0.1170E-16
9.034	0.1304E-16
9.217	0.1444E-16
9.405	0.1592E-16
9.602	0.1750E-16
9.800	0.1912E-16
10.01	0.2085E-16
10.22	0.2263E-16
10.44	0.2452E-16
10.67	0.2646E-16
10.91	0.2851E-16
11.15	0.3062E-16
11.40	0.3283E-16
11.66	0.3511E-16
11.92	0.3750E-16
12.20	0.3995E-16
12.48	0.4248E-16
12.77	0.4513E-16
13.07	0.4780E-16
13.38	0.5062E-16
13.71	0.5352E-16
14.03	0.5647E-16
14.36	0.5942E-16
14.72	0.6264E-16
15.09	0.6585E-16
15.45	0.6912E-16
15.82	0.7239E-16
16.22	0.7583E-16
16.62	0.7937E-16
17.04	0.8297E-16
17.46	0.8659E-16
17.89	0.9021E-16
18.34	0.9399E-16
18.80	0.9786E-16
19.28	0.1017E-15
19.74	0.1055E-15
20.24	0.1095E-15
20.76	0.1137E-15
21.27	0.1176E-15
21.80	0.1217E-15
22.35	0.1259E-15
22.92	0.1301E-15
23.47	0.1342E-15
24.06	0.1385E-15
24.67	0.1428E-15
25.28	0.1471E-15
25.89	0.1513E-15
26.52	0.1556E-15
27.19	0.1601E-15
27.88	0.1646E-15


Ar                                                              
Energy (eV)	Inelastic energy loss coefficient (eV m3/s)
0.9224E-01	0.000
0.1664	0.000
0.7690	0.000
1.725	0.6216E-22
3.104	0.4189E-18
4.206	0.1161E-16
4.786	0.5593E-16
5.127	0.1467E-15
5.373	0.2933E-15
5.578	0.5063E-15
5.762	0.7978E-15
5.935	0.1181E-14
6.099	0.1670E-14
6.258	0.2279E-14
6.412	0.3023E-14
6.563	0.3917E-14
6.711	0.4976E-14
6.857	0.6218E-14
7.002	0.7654E-14
7.146	0.9309E-14
7.290	0.1119E-13
7.435	0.1332E-13
7.582	0.1571E-13
7.730	0.1837E-13
7.880	0.2133E-13
8.034	0.2460E-13
8.191	0.2820E-13
8.350	0.3212E-13
8.515	0.3642E-13
8.683	0.4108E-13
8.856	0.4613E-13
9.034	0.5158E-13
9.217	0.5743E-13
9.405	0.6370E-13
9.602	0.7050E-13
9.800	0.7761E-13
10.01	0.8535E-13
10.22	0.9344E-13
10.44	0.1021E-12
10.67	0.1112E-12
10.91	0.1209E-12
11.15	0.1310E-12
11.40	0.1417E-12
11.66	0.1529E-12
11.92	0.1647E-12
12.20	0.1769E-12
12.48	0.1897E-12
12.77	0.2031E-12
13.07	0.2168E-12
13.38	0.2314E-12
13.71	0.2464E-12
14.03	0.2618E-12
14.36	0.2774E-12
14.72	0.2943E-12
15.09	0.3114E-12
15.45	0.3289E-12
15.82	0.3465E-12
16.22	0.3652E-12
16.62	0.3843E-12
17.04	0.4039E-12
17.46	0.4237E-12
17.89	0.4438E-12
18.34	0.4645E-12
18.80	0.4860E-12
19.28	0.5076E-12
19.74	0.5288E-12
20.24	0.5513E-12
20.76	0.5746E-12
21.27	0.5969E-12
21.80	0.6202E-12
22.35	0.6442E-12
22.92	0.6684E-12
23.47	0.6916E-12
24.06	0.7164E-12
24.67	0.7416E-12
25.28	0.7667E-12
25.89	0.7911E-12
26.52	0.8163E-12
27.19	0.8426E-12
27.88	0.8693E-12


H                                                               
Energy (eV)	Inelastic energy loss coefficient (eV m3/s)
0.9224E-01	0.000
0.1664	0.000
0.7690	0.1630E-27
1.725	0.9659E-19
3.104	0.1119E-15
4.206	0.1088E-14
4.786	0.2642E-14
5.127	0.4234E-14
5.373	0.5785E-14
5.578	0.7347E-14
5.762	0.8952E-14
5.935	0.1062E-13
6.099	0.1235E-13
6.258	0.1413E-13
6.412	0.1597E-13
6.563	0.1786E-13
6.711	0.1980E-13
6.857	0.2178E-13
7.002	0.2381E-13
7.146	0.2590E-13
7.290	0.2804E-13
7.435	0.3023E-13
7.582	0.3250E-13
7.730	0.3483E-13
7.880	0.3723E-13
8.034	0.3971E-13
8.191	0.4228E-13
8.350	0.4492E-13
8.515	0.4768E-13
8.683	0.5052E-13
8.856	0.5346E-13
9.034	0.5652E-13
9.217	0.5967E-13
9.405	0.6291E-13
9.602	0.6635E-13
9.800	0.6979E-13
10.01	0.7347E-13
10.22	0.7718E-13
10.44	0.8107E-13
10.67	0.8503E-13
10.91	0.8916E-13
11.15	0.9338E-13
11.40	0.9773E-13
11.66	0.1022E-12
11.92	0.1068E-12
12.20	0.1115E-12
12.48	0.1163E-12
12.77	0.1213E-12
13.07	0.1263E-12
13.38	0.1316E-12
13.71	0.1369E-12
14.03	0.1423E-12
14.36	0.1475E-12
14.72	0.1534E-12
15.09	0.1591E-12
15.45	0.1649E-12
15.82	0.1705E-12
16.22	0.1765E-12
16.62	0.1827E-12
17.04	0.1889E-12
17.46	0.1951E-12
17.89	0.2011E-12
18.34	0.2075E-12
18.80	0.2140E-12
19.28	0.2204E-12
19.74	0.2267E-12
20.24	0.2333E-12
20.76	0.2400E-12
21.27	0.2464E-12
21.80	0.2530E-12
22.35	0.2598E-12
22.92	0.2665E-12
23.47	0.2729E-12
24.06	0.2797E-12
24.67	0.2865E-12
25.28	0.2933E-12
25.89	0.2997E-12
26.52	0.3064E-12
27.19	0.3133E-12
27.88	0.3202E-12


H2                                                              
Energy (eV)	Inelastic energy loss coefficient (eV m3/s)
0.9224E-01	0.4450E-17
0.1664	0.1301E-16
0.7690	0.3950E-15
1.725	0.1632E-14
3.104	0.2758E-14
4.206	0.3795E-14
4.786	0.5036E-14
5.127	0.6411E-14
5.373	0.7928E-14
5.578	0.9633E-14
5.762	0.1154E-13
5.935	0.1366E-13
6.099	0.1598E-13
6.258	0.1848E-13
6.412	0.2114E-13
6.563	0.2395E-13
6.711	0.2690E-13
6.857	0.2999E-13
7.002	0.3321E-13
7.146	0.3658E-13
7.290	0.4009E-13
7.435	0.4375E-13
7.582	0.4757E-13
7.730	0.5156E-13
7.880	0.5572E-13
8.034	0.6006E-13
8.191	0.6459E-13
8.350	0.6929E-13
8.515	0.7423E-13
8.683	0.7938E-13
8.856	0.8473E-13
9.034	0.9034E-13
9.217	0.9613E-13
9.405	0.1021E-12
9.602	0.1085E-12
9.800	0.1150E-12
10.01	0.1219E-12
10.22	0.1289E-12
10.44	0.1363E-12
10.67	0.1438E-12
10.91	0.1517E-12
11.15	0.1598E-12
11.40	0.1682E-12
11.66	0.1768E-12
11.92	0.1857E-12
12.20	0.1949E-12
12.48	0.2042E-12
12.77	0.2140E-12
13.07	0.2238E-12
13.38	0.2340E-12
13.71	0.2446E-12
14.03	0.2552E-12
14.36	0.2656E-12
14.72	0.2771E-12
15.09	0.2886E-12
15.45	0.3000E-12
15.82	0.3114E-12
16.22	0.3234E-12
16.62	0.3357E-12
17.04	0.3481E-12
17.46	0.3605E-12
17.89	0.3728E-12
18.34	0.3856E-12
18.80	0.3988E-12
19.28	0.4118E-12
19.74	0.4245E-12
20.24	0.4379E-12
20.76	0.4516E-12
21.27	0.4647E-12
21.80	0.4783E-12
22.35	0.4922E-12
22.92	0.5059E-12
23.47	0.5191E-12
24.06	0.5331E-12
24.67	0.5473E-12
25.28	0.5612E-12
25.89	0.5746E-12
26.52	0.5885E-12
27.19	0.6028E-12
27.88	0.6172E-12


